   8.5356768e+03  -1.6973395e+03  -1.4520313e+03  -8.3435644e+02   3.5435228e+02  -2.4914085e+02   8.1249441e+01   9.7977643e+02   1.1672852e+02  -1.4134909e+02   4.2706324e+02   9.7806420e+02   7.8492271e+02  -1.8850208e+01  -2.6777100e+02  -4.7697541e+02  -6.9485851e+02  -1.5910699e+03   9.9266081e+02  -2.2157234e+02   1.9236666e+00  -1.3842811e+03  -4.8571032e+02  -6.9382785e+02  -1.0195426e+03  -2.9676429e+02  -9.6622804e+01   4.6678378e+00  -2.9977898e+02  -7.6629831e+01  -6.1893612e+02  -3.9993964e+02   1.8514788e+02   3.7963909e+01  -1.3554775e+00  -2.6617694e+01  -2.6295305e+02  -2.3757617e+02   4.7323539e+01   3.3671351e+01  -1.1332162e+01  -2.7109550e+00   2.5448738e+00  -5.7773874e+00  -1.0332162e+00   2.9667838e+00
  -1.6973395e+03   7.0374546e+03  -1.4590230e+03  -8.2445545e+01  -2.0356771e+02  -9.3103481e+01   3.5142447e+01  -4.1002140e+02  -1.7190974e+03  -3.0296056e+02  -1.4375966e+02   1.7278186e+02   6.0098403e+02   3.9324337e+01  -1.7607665e+02  -1.8907676e+03  -1.7082022e+03  -8.1853098e+02   5.5630182e+02   1.9836522e+02   1.5525551e+01   2.0048738e+02  -3.0561370e+02  -5.1837352e+02   8.5652347e+01   5.7921399e+02   1.9151182e+02   4.8939636e+01  -5.3255989e+01  -8.1259981e+00   6.2393469e+02   3.8061578e+02   2.9424130e+02  -6.6230597e+01   3.5959757e+00   2.9566592e+01   3.6503449e+02   4.1991377e+00   2.0618668e+02  -9.2414564e+00  -4.0603641e+00   1.1919515e+00  -7.2221335e+00   3.9798786e+00   1.3939636e+00   1.3939636e+00
  -1.4520313e+03  -1.4590230e+03   6.6249179e+03  -8.6946535e+02   2.6503609e+02  -5.6869371e+01  -7.3519323e+01  -8.8729160e+01   3.7547173e+02  -3.7828170e+00   6.0261482e+02  -1.4462092e+03  -2.2652922e+02  -6.0821463e+01   6.5405973e+02  -1.5814979e+02  -6.2667997e+02   2.5415331e+02  -3.3529767e+02   2.5921335e+02  -1.1353242e+01   6.6771191e+02   3.4787193e+02  -1.4640485e+03  -9.7133120e+02   2.4029160e+02  -9.8388374e+01  -2.3340466e+01   6.7926541e+01  -5.0345576e+01  -3.7393453e+02  -4.1891313e+02  -8.8173427e+01  -4.2961993e+01   1.7106356e+00  -2.7831364e+00   2.4062312e+02  -2.0490578e+01  -1.7024337e+02  -1.5361865e+01   3.6595337e+00   4.2127116e-01   7.4084957e+00  -4.4682210e-01  -1.4340466e+00  -2.4340466e+00
  -8.3435644e+02  -8.2445545e+01  -8.6946535e+02   5.9571089e+03  -3.1842574e+02  -9.0594059e+01  -3.9811881e+01  -9.5675248e+02  -9.8048515e+02   2.5520792e+02  -7.2271287e+02   5.9821782e+01  -1.1012871e+02  -2.9415842e+01  -4.8321782e+02  -1.1127723e+02   1.7995050e+02   4.5897030e+02  -1.7472673e+03  -9.2366337e+01   1.4059406e+00   5.3316832e+02  -2.6835644e+02   4.5205941e+02  -5.4879208e+02  -4.3347525e+02  -3.8524752e+01  -1.3465347e+00   1.6932673e+02   1.8855446e+02   4.5964356e+02   1.4868317e+02   8.2514851e+01  -4.2138614e+01  -3.5643564e-01   4.9326733e+01  -2.5280198e+02   8.2495050e+01  -1.2465347e+01  -4.3861386e+00  -1.7346535e+01  -2.7128713e+00   5.0396040e+00   6.2178218e+00   4.6534653e-01   1.4653465e+00
   3.5435228e+02  -2.0356771e+02   2.6503609e+02  -3.1842574e+02   2.9363285e+03  -1.5933759e+02  -2.1957841e+00   2.3668636e+02  -3.0766656e+02   3.7336171e+02   3.3036586e+02  -7.7622708e+02  -1.4250271e+02   2.1970137e+01   3.2378697e+02  -8.7885500e+01  -4.7172437e+02  -5.6771527e+02  -4.3809869e+02  -5.1398291e+02   6.9043437e+00  -3.0473714e+02   9.2400671e+01  -2.9719850e+02  -4.2586410e+02  -9.5863622e+01  -1.4308799e+02   4.0219738e+01  -8.2938518e+01   6.6059358e+02   7.0303897e+01  -2.2855318e+01  -1.9384398e+02  -7.4992015e+00   4.8131587e-01   1.1916321e+01  -1.2555414e+02   2.7388853e+01  -7.5883264e+01  -1.4121048e+01   1.6219738e+01   2.9626317e+00  -4.3527627e+00   4.4065794e+00   5.7219738e+00   1.7219738e+00
  -2.4914085e+02  -9.3103481e+01  -5.6869371e+01  -9.0594059e+01  -1.5933759e+02   9.0908783e+02   4.2663047e+01   1.2218780e+01  -2.3771958e+00  -1.7302268e+02  -1.7973331e+02  -8.4413925e+00  -1.5988151e+02   1.8303417e+01   1.9768764e+01  -2.1017407e+02  -2.5355989e+02   7.6689875e+01  -5.8339508e+01   1.1696008e+02   1.4410412e+01  -6.2296391e+01   1.1192367e+02   7.9781539e+01  -9.7990418e+01  -2.1187799e+01   5.9252316e+01   2.4679016e+00  -7.3305653e+00   1.1444906e+01   2.2579463e+02  -1.7609071e+01  -3.0280422e+01   1.5671032e+01  -3.0213989e-01  -1.5524114e+01   1.6230406e+02   9.0792399e+01  -1.5095177e+01  -8.1283935e+00   2.4679016e+00   3.9572022e-01  -1.6617694e+00   4.8930054e-01  -4.5320984e-01  -4.5320984e-01
   8.1249441e+01   3.5142447e+01  -7.3519323e+01  -3.9811881e+01  -2.1957841e+00   4.2663047e+01   1.2538358e+02   5.6433408e+01  -1.9116576e+01  -2.8567550e+01  -4.3114021e+01   5.9656979e+01   3.2472692e+01   8.1996167e+00  -1.0731076e+01  -9.4877675e+01  -1.1881571e+02  -2.4282977e+01  -2.4933887e+01   5.9789524e+01   1.2436921e+00  -2.3826573e+01  -1.4234430e+01   1.8856276e+01  -5.7309486e+01  -2.8334079e+01  -1.1497924e+00   3.3867774e+00   1.2177260e+01   3.5295433e+00   2.9733312e+01   1.4572980e+01   4.6576174e+00   1.6256787e+00  -4.0881508e-02   4.6288726e+00   7.7789844e+00   2.7055254e+00  -3.2577451e-01   5.4710955e-01  -6.1322261e-01  -8.1763015e-02  -2.2484829e-01  -2.0440754e-01  -6.1322261e-02  -6.1322261e-02
   9.7977643e+02  -4.1002140e+02  -8.8729160e+01  -9.5675248e+02   2.3668636e+02   1.2218780e+01   5.6433408e+01   6.9233631e+03   6.5369531e+01  -4.0302012e+02  -9.0860843e+02   4.3779144e+02  -3.8492303e+02   5.0846694e+01   2.5656947e+02   6.9930054e+01  -6.8728553e+02  -1.7591907e+03   1.0374452e+03  -3.8319035e+02   2.0476844e+01  -8.0762919e+02  -4.1777196e+02  -3.6048962e+02  -1.6779431e+02  -2.0063143e+02  -4.5916959e+01   1.8710955e+01  -4.4509614e+02  -3.5418269e+02  -2.8667518e+02  -3.8780805e+02  -3.6995305e+02  -1.5728521e+01  -2.3526030e+00  -4.9450974e+01  -4.0840626e+02  -6.4789844e+01   1.6269019e+02   4.9843820e+01  -8.2890450e+00  -2.7052060e+00  -5.9393165e+00   3.2369850e+00   4.4710955e+00  -2.5289045e+00
   1.1672852e+02  -1.7190974e+03   3.7547173e+02  -9.8048515e+02  -3.0766656e+02  -2.3771958e+00  -1.9116576e+01   6.5369531e+01   8.3702344e+03  -4.3852443e+02  -4.6238167e+02  -1.8950390e+03  -1.9979780e+03  -1.1175759e+02  -4.6509422e+02   1.1401294e+03   2.3689390e+03   4.5698275e+02  -4.3831651e+02  -2.9837400e+02  -3.3635260e+01  -2.3719259e+02   4.6227691e+02   4.2890546e+02   6.7724976e+02  -7.5069531e+02   6.2436921e+00  -4.4136698e+01  -1.2761674e+02  -3.4393612e+02  -1.3058199e+03  -8.5740977e+02  -5.3244299e+02   6.6758224e+01  -1.4244650e-01  -6.1261897e+01  -5.0920760e+02  -1.2274481e+02  -4.0994762e+02  -5.1546790e+01   7.8633025e+00   3.7151070e+00  -7.7834558e+00  -1.1712233e+01  -3.2136698e+00  -2.1366975e-01
  -1.4134909e+02  -3.0296056e+02  -3.7828170e+00   2.5520792e+02   3.7336171e+02  -1.7302268e+02  -2.8567550e+01  -4.0302012e+02  -4.3852443e+02   5.8907386e+03  -4.4171431e+02  -5.4338422e+02  -1.0962696e+02  -3.1396519e+01  -2.0260939e+02  -4.4652779e+02   4.1524273e+02  -3.5709630e+02  -1.0938505e+03  -2.9067151e+02  -1.8296870e+01   7.0174705e+01   1.4796072e+01   1.0130549e+02  -7.3293884e+02  -4.6679879e+02  -1.6805605e+02  -2.3429895e+01  -1.9360109e+01   2.9652332e+02   8.9505749e+01  -5.0370457e+02  -1.9205669e+02  -6.8933248e+01   3.8007027e-02   1.2204408e+01  -5.9732577e+02   2.2400814e+02   6.3459118e+01  -3.7195784e+00   1.5701054e+00   1.0760141e+00  -1.3790961e+01   5.1900351e+00   1.0570105e+00   1.0570105e+00
   4.2706324e+02  -1.4375966e+02   6.0261482e+02  -7.2271287e+02   3.3036586e+02  -1.7973331e+02  -4.3114021e+01  -9.0860843e+02  -4.6238167e+02  -4.4171431e+02   5.7504007e+03  -1.1989039e+03   6.3232514e+01  -1.0394235e+02  -1.0928393e+02  -2.3348307e+02   7.9886362e+02   1.1723108e+02  -6.4219451e+02  -2.0525759e+02  -3.5072022e+01   1.5666369e+02  -6.3140450e+02  -5.1838151e+02  -2.4919818e+02  -1.7591568e+02  -8.7552060e+01  -3.2761099e+01  -4.4128074e+00  -1.5398547e+02  -8.7346902e+02  -1.2768572e+02  -7.9333280e+01  -1.9362504e+01   4.8259342e-01  -8.0095816e+00   1.7157777e+02  -1.5703944e+02   1.0150192e+02   9.9556052e+00   1.2389013e+00  -1.0348132e+00   1.8654264e+01  -5.8703290e-01  -2.2761099e+00   2.7238901e+00
   9.7806420e+02   1.7278186e+02  -1.4462092e+03   5.9821782e+01  -7.7622708e+02  -8.4413925e+00   5.9656979e+01   4.3779144e+02  -1.8950390e+03  -5.4338422e+02  -1.1989039e+03   6.7431127e+03   1.3579936e+03   5.3929735e+01  -3.3603066e+02  -1.3939071e+03  -1.2738809e+03  -5.4521239e+02   4.2312073e+02  -2.0425391e+02   2.9010220e+01  -8.7620505e+02  -4.2364548e+02   1.6365059e+02  -5.1173906e+02  -1.6791440e+02   1.6820473e+02   1.5575854e+01  -4.4502395e+01  -3.7825040e+02   5.7677387e+02   7.3046311e+01   2.4389652e+02  -1.2922389e+00  -2.1616097e+00   6.2663686e-01   3.5281380e+02  -2.5320345e+01   1.6427467e+02  -2.0696583e+01  -6.4241456e+00  -1.3232194e+00   5.1111466e+00   4.1919515e+00  -2.4241456e-01  -2.2424146e+00
   7.8492271e+02   6.0098403e+02  -2.2652922e+02  -1.1012871e+02  -1.4250271e+02  -1.5988151e+02   3.2472692e+01  -3.8492303e+02  -1.9979780e+03  -1.0962696e+02   6.3232514e+01   1.3579936e+03   3.9399380e+03   2.4318429e+01  -1.1309741e+02  -1.9697985e+03  -2.5429444e+03  -6.7256020e+02   3.7957106e+02   4.6903705e+02   1.4699138e+01  -8.0588949e+01  -7.5956116e+02  -5.4058927e+02  -1.2363689e+03   5.2923028e+02   1.3428585e+02  -3.5142127e+00   2.0226765e+01  -2.7628873e+01   7.4840658e+02   4.6994922e+02   5.5879623e+02  -1.0334717e+01  -1.3676142e+00   2.4678378e+01   8.0729384e+02  -1.8007346e+01   1.5466432e+02  -8.0568508e+00  -5.1421271e-01   2.6477164e-01   3.4781220e+00   1.6192910e-01  -5.1421271e-02  -2.0514213e+00
  -1.8850208e+01   3.9324337e+01  -6.0821463e+01  -2.9415842e+01   2.1970137e+01   1.8303417e+01   8.1996167e+00   5.0846694e+01  -1.1175759e+02  -3.1396519e+01  -1.0394235e+02   5.3929735e+01   2.4318429e+01   1.3400271e+02  -9.0715426e+00  -1.3283136e+01  -1.1938869e+02  -6.0662248e+01  -1.0718301e+01   3.0907538e+01   4.1905142e+00  -1.7478441e+01  -2.6672788e+01   2.6018045e+01  -3.1557809e+01   4.1533057e+01  -1.2355637e+01  -6.5633983e-01   9.9441073e-01   4.9582402e+01   8.0972373e+01   3.7441393e+01  -1.6741456e+01  -3.6818908e+00  -4.3755989e-02  -2.5378473e+00   4.5232194e+01   1.3419195e+01  -4.1924305e+00   5.3746407e+00  -6.5633983e-01  -8.7511977e-02  -2.4065794e-01  -2.1877994e-01  -6.5633983e-02  -6.5633983e-02
  -2.6777100e+02  -1.7607665e+02   6.5405973e+02  -4.8321782e+02   3.2378697e+02   1.9768764e+01  -1.0731076e+01   2.5656947e+02  -4.6509422e+02  -2.0260939e+02  -1.0928393e+02  -3.3603066e+02  -1.1309741e+02  -9.0715426e+00   3.9295324e+03  -1.2683264e+02  -1.5699332e+03  -8.1648898e+02   5.7834111e+02   2.7537783e+02  -7.8441393e+00  -5.3262696e+02  -5.8093580e+01  -9.0182849e+02  -3.0477068e+02   4.4630533e+02   4.9372086e+01  -5.4682210e+00  -1.6391153e+02  -6.8185883e+00  -1.5244842e+02   2.7895624e+02  -1.0657809e+02  -1.2066432e+00   1.0354519e+00  -3.2943788e+01   2.7141041e+02  -1.4163526e+02   3.8188758e+01   7.1271159e+00  -1.3468221e+01  -2.9290961e+00  -2.3050144e+00  -7.8227403e+00   5.5317790e-01  -1.4468221e+00
  -4.7697541e+02  -1.8907676e+03  -1.5814979e+02  -1.1127723e+02  -8.7885500e+01  -2.1017407e+02  -9.4877675e+01   6.9930054e+01   1.1401294e+03  -4.4652779e+02  -2.3348307e+02  -1.3939071e+03  -1.9697985e+03  -1.3283136e+01  -1.2683264e+02   8.4081177e+03   1.5498914e+03   4.5895097e+02  -4.5190897e+02  -4.6923906e+02  -1.1222453e+01   1.9369211e+01  -1.9118508e+02   5.0482386e+02   9.0911737e+02  -5.0630054e+02  -2.1190913e+02   1.0981795e+01   8.6700575e+01  -1.3877999e+03  -1.0157657e+03  -3.2021111e+02  -4.1443516e+02   4.3470137e+01  -1.2012137e+00  -7.4670393e+01  -6.4727531e+02  -1.8254312e+02  -8.6165921e+01  -4.0728202e+00   9.8179495e-01  -1.4024273e+00  -6.6066752e+00  -5.0060683e+00  -1.8018205e+00   2.1981795e+00
  -6.9485851e+02  -1.7082022e+03  -6.2667997e+02   1.7995050e+02  -4.7172437e+02  -2.5355989e+02  -1.1881571e+02  -6.8728553e+02   2.3689390e+03   4.1524273e+02   7.9886362e+02  -1.2738809e+03  -2.5429444e+03  -1.1938869e+02  -1.5699332e+03   1.5498914e+03   1.0395064e+04   1.0563478e+03  -1.6104503e+03  -1.2932910e+03  -4.5688917e+01   1.6538390e+02   4.6691568e+02   1.5002399e+03   1.1876298e+03  -1.4761447e+03  -2.9408112e+02  -3.4909933e+01   2.0270840e+01  -9.9662153e+02  -1.7626327e+03  -1.0839029e+03  -4.9189971e+02  -1.6957522e+01  -7.9399553e-01  -1.7051741e+01  -1.1114800e+03   1.1468700e+02   1.5610348e+01   4.0360268e+01   2.3090067e+01   4.4120089e+00   6.6330246e+00  -4.9699776e+00  -4.1909933e+00   2.8090067e+00
  -1.5910699e+03  -8.1853098e+02   2.5415331e+02   4.5897030e+02  -5.6771527e+02   7.6689875e+01  -2.4282977e+01  -1.7591907e+03   4.5698275e+02  -3.5709630e+02   1.1723108e+02  -5.4521239e+02  -6.7256020e+02  -6.0662248e+01  -8.1648898e+02   4.5895097e+02   1.0563478e+03   7.4003732e+03  -1.0180121e+03  -5.0326813e+02  -3.5003673e+01   1.7641744e+02   2.9159134e+02   3.6265682e+02   4.3348435e+02  -8.6209326e+02  -1.3824545e+02  -1.9597573e+01   2.4453992e+02  -5.8066001e+02  -8.7773124e+02  -1.1143852e+02  -1.6177531e+02   1.5870648e+01  -4.9731715e+00   1.2556052e+01   4.7700415e+00  -1.0749425e+02  -1.9741121e+02  -1.0390291e+01   4.4024273e+00   2.0536570e+00   6.6475567e+00   7.1341424e+00  -2.4597573e+00   1.5402427e+00
   9.9266081e+02   5.5630182e+02  -3.3529767e+02  -1.7472673e+03  -4.3809869e+02  -5.8339508e+01  -2.4933887e+01   1.0374452e+03  -4.3831651e+02  -1.0938505e+03  -6.4219451e+02   4.2312073e+02   3.7957106e+02  -1.0718301e+01   5.7834111e+02  -4.5190897e+02  -1.6104503e+03  -1.0180121e+03   6.9204069e+03  -4.2630022e+02  -1.1370169e-01  -6.9046886e+02  -3.5169403e+02  -1.1763628e+03   5.7147205e+02  -3.4945225e+02  -1.2290259e+02   2.6718620e+01  -2.1028585e+02  -2.8321431e+02  -2.8398435e+02   9.8859789e+01  -5.8348770e+01  -2.5873842e+01   2.0479080e+00  -7.2213350e+00   5.0144650e+02  -2.5556116e+02   5.0444267e+01  -7.1255190e+00  -1.9281380e+01  -4.9041840e+00   3.2634941e+00   2.3954008e-01   1.0718620e+00  -9.2813798e-01
  -2.2157234e+02   1.9836522e+02   2.5921335e+02  -9.2366337e+01  -5.1398291e+02   1.1696008e+02   5.9789524e+01  -3.8319035e+02  -2.9837400e+02  -2.9067151e+02  -2.0525759e+02  -2.0425391e+02   4.6903705e+02   3.0907538e+01   2.7537783e+02  -4.6923906e+02  -1.2932910e+03  -5.0326813e+02  -4.2630022e+02   2.1659727e+03   1.4040722e+01   4.8058927e+02  -2.1555621e+02  -2.3267343e+02  -2.0341345e+02   3.7690355e+02   1.3611258e+02  -9.9399553e+00   7.5013893e+01  -5.1247684e+01   3.6041153e+02   2.4473140e+02   6.8900192e+01   4.7694986e+01  -8.6266369e-01   2.6965506e+01   2.8667997e+02  -3.1041999e+01  -4.6093101e+01   2.4017886e-01   2.0600447e+00  -7.2532737e-01   2.2553497e+00  -3.3133184e+00  -1.2939955e+00  -2.9399553e-01
   1.9236666e+00   1.5525551e+01  -1.1353242e+01   1.4059406e+00   6.9043437e+00   1.4410412e+01   1.2436921e+00   2.0476844e+01  -3.3635260e+01  -1.8296870e+01  -3.5072022e+01   2.9010220e+01   1.4699138e+01   4.1905142e+00  -7.8441393e+00  -1.1222453e+01  -4.5688917e+01  -3.5003673e+01  -1.1370169e-01   1.4040722e+01   3.6781380e+01   5.5423187e+00  -3.8021399e+00  -5.5717023e-01  -1.0909773e+01   1.2315554e+00  -4.9573619e+00  -1.7725966e-01  -8.6282338e-01   1.5106196e+01   1.4649473e+01   7.6812520e+00   1.0260300e+00  -1.2644523e+00  -1.1817311e-02  -6.8540402e-01   7.5298627e+00   9.7117534e+00  -5.6291920e-01  -7.0903865e-01  -1.7725966e-01  -2.3634622e-02  -6.4995209e-02  -5.9086554e-02  -1.7725966e-02  -1.7725966e-02
  -1.3842811e+03   2.0048738e+02   6.6771191e+02   5.3316832e+02  -3.0473714e+02  -6.2296391e+01  -2.3826573e+01  -8.0762919e+02  -2.3719259e+02   7.0174705e+01   1.5666369e+02  -8.7620505e+02  -8.0588949e+01  -1.7478441e+01  -5.3262696e+02   1.9369211e+01   1.6538390e+02   1.7641744e+02  -6.9046886e+02   4.8058927e+02   5.5423187e+00   3.7614947e+03  -5.1131332e+02  -6.3415522e+01  -5.7034142e+02   2.8329192e+02  -1.6032418e+02  -1.8506228e+01   2.3927914e+02   2.7171319e+02  -5.6248802e+01  -5.0573012e+02  -2.4374098e+02  -1.4944427e+01   2.9958480e-01   4.2375918e+01   2.2343213e+02   6.6064197e+01  -1.4667518e+02  -3.2024912e+01  -5.5062280e+00  -4.0083041e-01  -9.3522836e+00  -5.5020760e+00  -1.5506228e+00  -5.5062280e-01
  -4.8571032e+02  -3.0561370e+02   3.4787193e+02  -2.6835644e+02   9.2400671e+01   1.1192367e+02  -1.4234430e+01  -4.1777196e+02   4.6227691e+02   1.4796072e+01  -6.3140450e+02  -4.2364548e+02  -7.5956116e+02  -2.6672788e+01  -5.8093580e+01  -1.9118508e+02   4.6691568e+02   2.9159134e+02  -3.5169403e+02  -2.1555621e+02  -3.8021399e+00  -5.1131332e+02   5.6581445e+03   1.3170441e+02  -3.4452651e+02  -3.5728042e+02   1.1352603e+00   1.5388055e+00   4.7914564e+01  -8.4109757e+02  -3.2856515e+02  -4.7668157e+02  -2.9819083e+02  -4.4231875e+00  -9.7412967e-02  -2.6499521e+00  -4.5530789e+02   2.8407697e+01   9.8629990e+01   9.1552220e+00   8.5388055e+00   4.8051741e+00  -7.5357713e+00   3.5129352e+00   1.8538805e+00  -2.1461195e+00
  -6.9382785e+02  -5.1837352e+02  -1.4640485e+03   4.5205941e+02  -2.9719850e+02   7.9781539e+01   1.8856276e+01  -3.6048962e+02   4.2890546e+02   1.0130549e+02  -5.1838151e+02   1.6365059e+02  -5.4058927e+02   2.6018045e+01  -9.0182849e+02   5.0482386e+02   1.5002399e+03   3.6265682e+02  -1.1763628e+03  -2.3267343e+02  -5.5717023e-01  -6.3415522e+01   1.3170441e+02   6.1217670e+03   1.8282162e+02  -1.9410380e+02   1.4363606e+02  -3.4127435e+01  -1.0409598e+02  -1.0775993e+03  -7.8936011e+02  -4.6847780e+02  -9.8046151e+01   5.0290961e+01  -2.4084957e+00  -2.2692750e+01  -6.6692718e+02   3.2198179e+01  -6.3161450e+01  -7.5097413e+00   5.8725647e+00   2.1830086e+00  -9.2467263e+00  -3.0424784e+00   1.3872565e+00  -1.6127435e+00
  -1.0195426e+03   8.5652347e+01  -9.7133120e+02  -5.4879208e+02  -4.2586410e+02  -9.7990418e+01  -5.7309486e+01  -1.6779431e+02   6.7724976e+02  -7.3293884e+02  -2.4919818e+02  -5.1173906e+02  -1.2363689e+03  -3.1557809e+01  -3.0477068e+02   9.0911737e+02   1.1876298e+03   4.3348435e+02   5.7147205e+02  -2.0341345e+02  -1.0909773e+01  -5.7034142e+02  -3.4452651e+02   1.8282162e+02   5.9393192e+03  -1.2770569e+03  -2.6927020e+01   2.3505589e+01  -5.9263334e+01  -6.5496056e+02  -2.0255877e+02   2.9142447e+02  -1.2247605e+02  -5.3126797e+01   1.6703928e-01  -5.3311721e+01  -1.3700319e+02  -8.9249920e+01  -1.7563766e+02   2.1022357e+01   1.1505589e+01   3.3407857e-01  -3.0812839e+00   1.8351964e+00   1.2505589e+00   1.2505589e+00
  -2.9676429e+02   5.7921399e+02   2.4029160e+02  -4.3347525e+02  -9.5863622e+01  -2.1187799e+01  -2.8334079e+01  -2.0063143e+02  -7.5069531e+02  -4.6679879e+02  -1.7591568e+02  -1.6791440e+02   5.2923028e+02   4.1533057e+01   4.4630533e+02  -5.0630054e+02  -1.4761447e+03  -8.6209326e+02  -3.4945225e+02   3.7690355e+02   1.2315554e+00   2.8329192e+02  -3.5728042e+02  -1.9410380e+02  -1.2770569e+03   4.7983143e+03   1.1916959e+02  -2.4109550e+01   1.2961354e+01   3.8582689e+02  -1.3524816e+02  -2.6591951e+02  -1.0469499e+01   9.3285212e+01   1.5260300e+00   1.5097413e+00   1.6106260e+02   2.0898435e+01   2.9098052e+01   4.5618013e+00  -1.3109550e+01  -2.9479400e+00  -2.6068349e+00  -5.3698499e+00  -2.7109550e+00  -3.7109550e+00
  -9.6622804e+01   1.9151182e+02  -9.8388374e+01  -3.8524752e+01  -1.4308799e+02   5.9252316e+01  -1.1497924e+00  -4.5916959e+01   6.2436921e+00  -1.6805605e+02  -8.7552060e+01   1.6820473e+02   1.3428585e+02  -1.2355637e+01   4.9372086e+01  -2.1190913e+02  -2.9408112e+02  -1.3824545e+02  -1.2290259e+02   1.3611258e+02  -4.9573619e+00  -1.6032418e+02   1.1352603e+00   1.4363606e+02  -2.6927020e+01   1.1916959e+02   8.0858847e+02  -4.0194826e+00  -5.9267806e+01  -2.5829463e+02   1.6191313e+00   6.9177579e+01  -3.2869211e+01  -5.6723092e+00  -2.6796551e-01   4.5800064e-01   1.8758256e+02  -4.8914564e+01  -7.7916001e+00  -2.0779304e+00  -3.0194826e+00   4.6406899e-01  -1.4738103e+00  -1.3398275e+00  -4.0194826e-01  -4.0194826e-01
   4.6678378e+00   4.8939636e+01  -2.3340466e+01  -1.3465347e+00   4.0219738e+01   2.4679016e+00   3.3867774e+00   1.8710955e+01  -4.4136698e+01  -2.3429895e+01  -3.2761099e+01   1.5575854e+01  -3.5142127e+00  -6.5633983e-01  -5.4682210e+00   1.0981795e+01  -3.4909933e+01  -1.9597573e+01   2.6718620e+01  -9.9399553e+00  -1.7725966e-01  -1.8506228e+01   1.5388055e+00  -3.4127435e+01   2.3505589e+01  -2.4109550e+01  -4.0194826e+00   2.9856276e+01  -1.9428298e+00   7.8428617e+00   3.5796870e+01   5.2280422e+00  -5.3302459e+00  -1.0252316e+00  -9.5816033e-03  -5.5573299e-01   2.0510699e+01  -3.2877675e+00  -2.8888534e+00  -5.7489620e-01  -1.4372405e-01  -1.9163207e-02  -5.2698818e-02  -4.7908017e-02  -1.4372405e-02  -1.4372405e-02
  -2.9977898e+02  -5.3255989e+01   6.7926541e+01   1.6932673e+02  -8.2938518e+01  -7.3305653e+00   1.2177260e+01  -4.4509614e+02  -1.2761674e+02  -1.9360109e+01  -4.4128074e+00  -4.4502395e+01   2.0226765e+01   9.9441073e-01  -1.6391153e+02   8.6700575e+01   2.0270840e+01   2.4453992e+02  -2.1028585e+02   7.5013893e+01  -8.6282338e-01   2.3927914e+02   4.7914564e+01  -1.0409598e+02  -5.9263334e+01   1.2961354e+01  -5.9267806e+01  -1.9428298e+00   7.4283504e+02  -3.3610827e+01   1.5752747e+02  -1.0614404e+02  -6.8264133e+00  -1.7125519e+01  -2.6285532e-01  -8.2456084e+00   3.7110188e+01  -4.4627755e+01  -3.2250878e+01   4.2286809e+00  -1.9428298e+00  -5.2571064e-01  -1.4457042e+00  -1.3142766e+00  -3.9428298e-01  -3.9428298e-01
  -7.6629831e+01  -8.1259981e+00  -5.0345576e+01   1.8855446e+02   6.6059358e+02   1.1444906e+01   3.5295433e+00  -3.5418269e+02  -3.4393612e+02   2.9652332e+02  -1.5398547e+02  -3.7825040e+02  -2.7628873e+01   4.9582402e+01  -6.8185883e+00  -1.3877999e+03  -9.9662153e+02  -5.8066001e+02  -2.8321431e+02  -5.1247684e+01   1.5106196e+01   2.7171319e+02  -8.4109757e+02  -1.0775993e+03  -6.5496056e+02   3.8582689e+02  -2.5829463e+02   7.8428617e+00  -3.3610827e+01   5.1356482e+03   7.2183791e+02   1.7080933e+02  -7.2887736e+01  -2.4520920e+01  -2.1047589e-01   2.6792399e+01  -3.3748164e+02   1.8681204e+02  -7.5458480e+01  -3.9628553e+01  -2.2157138e+01  -2.4209518e+00   2.8423826e+00   6.9476206e+00  -1.3157138e+00  -1.3157138e+00
  -6.1893612e+02   6.2393469e+02  -3.7393453e+02   4.5964356e+02   7.0303897e+01   2.2579463e+02   2.9733312e+01  -2.8667518e+02  -1.3058199e+03   8.9505749e+01  -8.7346902e+02   5.7677387e+02   7.4840658e+02   8.0972373e+01  -1.5244842e+02  -1.0157657e+03  -1.7626327e+03  -8.7773124e+02  -2.8398435e+02   3.6041153e+02   1.4649473e+01  -5.6248802e+01  -3.2856515e+02  -7.8936011e+02  -2.0255877e+02  -1.3524816e+02   1.6191313e+00   3.5796870e+01   1.5752747e+02   7.2183791e+02   4.7236929e+03  -5.6197700e+01   4.9486586e+01  -5.9648994e+01   2.3864580e+00   1.8414564e+01   7.6401789e+01   1.1043996e+02  -9.8291281e-01  -1.9812520e+01   6.7968700e+00  -2.2708400e-01   1.4625519e+01   9.3229000e-01   1.0796870e+00  -9.2031300e-01
  -3.9993964e+02   3.8061578e+02  -4.1891313e+02   1.4868317e+02  -2.2855318e+01  -1.7609071e+01   1.4572980e+01  -3.8780805e+02  -8.5740977e+02  -5.0370457e+02  -1.2768572e+02   7.3046311e+01   4.6994922e+02   3.7441393e+01   2.7895624e+02  -3.2021111e+02  -1.0839029e+03  -1.1143852e+02   9.8859789e+01   2.4473140e+02   7.6812520e+00  -5.0573012e+02  -4.7668157e+02  -4.6847780e+02   2.9142447e+02  -2.6591951e+02   6.9177579e+01   5.2280422e+00  -1.0614404e+02   1.7080933e+02  -5.6197700e+01   3.5801182e+03   2.3297732e+02  -4.6573299e+01   4.1520281e-01   2.3081763e+01   2.0386969e+02  -1.0019674e+02  -4.2816353e+01  -1.6087831e+01   4.2280422e+00  -1.6959438e-01   2.8361546e-01   1.0760141e+00   6.2280422e-01  -1.3771958e+00
   1.8514788e+02   2.9424130e+02  -8.8173427e+01   8.2514851e+01  -1.9384398e+02  -3.0280422e+01   4.6576174e+00  -3.6995305e+02  -5.3244299e+02  -1.9205669e+02  -7.9333280e+01   2.4389652e+02   5.5879623e+02  -1.6741456e+01  -1.0657809e+02  -4.1443516e+02  -4.9189971e+02  -1.6177531e+02  -5.8348770e+01   6.8900192e+01   1.0260300e+00  -2.4374098e+02  -2.9819083e+02  -9.8046151e+01  -1.2247605e+02  -1.0469499e+01  -3.2869211e+01  -5.3302459e+00  -6.8264133e+00  -7.2887736e+01   4.9486586e+01   2.3297732e+02   1.8857989e+03  -1.3822421e+01   1.2446503e+00  -1.1810284e+01   1.4760141e+01   1.9809965e+00   2.3262057e+01   4.6790163e+00  -1.3302459e+00  -5.1069946e-01  -1.1544235e+00   2.2325136e-01  -1.1330246e+00   2.8669754e+00
   3.7963909e+01  -6.6230597e+01  -4.2961993e+01  -4.2138614e+01  -7.4992015e+00   1.5671032e+01   1.6256787e+00  -1.5728521e+01   6.6758224e+01  -6.8933248e+01  -1.9362504e+01  -1.2922389e+00  -1.0334717e+01  -3.6818908e+00  -1.2066432e+00   4.3470137e+01  -1.6957522e+01   1.5870648e+01  -2.5873842e+01   4.7694986e+01  -1.2644523e+00  -1.4944427e+01  -4.4231875e+00   5.0290961e+01  -5.3126797e+01   9.3285212e+01  -5.6723092e+00  -1.0252316e+00  -1.7125519e+01  -2.4520920e+01  -5.9648994e+01  -4.6573299e+01  -1.3822421e+01   2.1468668e+02  -6.8348770e-02   3.5771319e-02  -7.5570105e+00  -8.5860747e+00  -2.6071543e+00  -3.1009262e+00  -2.5231555e-02  -1.3669754e-01  -3.7591824e-01  -3.4174385e-01  -1.0252316e-01  -1.0252316e-01
  -1.3554775e+00   3.5959757e+00   1.7106356e+00  -3.5643564e-01   4.8131587e-01  -3.0213989e-01  -4.0881508e-02  -2.3526030e+00  -1.4244650e-01   3.8007027e-02   4.8259342e-01  -2.1616097e+00  -1.3676142e+00  -4.3755989e-02   1.0354519e+00  -1.2012137e+00  -7.9399553e-01  -4.9731715e+00   2.0479080e+00  -8.6266369e-01  -1.1817311e-02   2.9958480e-01  -9.7412967e-02  -2.4084957e+00   1.6703928e-01   1.5260300e+00  -2.6796551e-01  -9.5816033e-03  -2.6285532e-01  -2.1047589e-01   2.3864580e+00   4.1520281e-01   1.2446503e+00  -6.8348770e-02   1.9993612e+00  -3.7048866e-02   1.4340466e+00   7.1414883e-01  -1.9259023e-01  -3.8326413e-02  -9.5816033e-03  -1.2775471e-03  -3.5132546e-03  -3.1938678e-03  -9.5816033e-04  -9.5816033e-04
  -2.6617694e+01   2.9566592e+01  -2.7831364e+00   4.9326733e+01   1.1916321e+01  -1.5524114e+01   4.6288726e+00  -4.9450974e+01  -6.1261897e+01   1.2204408e+01  -8.0095816e+00   6.2663686e-01   2.4678378e+01  -2.5378473e+00  -3.2943788e+01  -7.4670393e+01  -1.7051741e+01   1.2556052e+01  -7.2213350e+00   2.6965506e+01  -6.8540402e-01   4.2375918e+01  -2.6499521e+00  -2.2692750e+01  -5.3311721e+01   1.5097413e+00   4.5800064e-01  -5.5573299e-01  -8.2456084e+00   2.6792399e+01   1.8414564e+01   2.3081763e+01  -1.1810284e+01   3.5771319e-02  -3.7048866e-02   1.1385117e+02  -1.8252954e+00   3.4206324e+00   8.2976685e-01  -2.2229320e+00  -5.5573299e-01  -7.4097732e-02  -2.0376876e-01  -1.8524433e-01  -5.5573299e-02  -5.5573299e-02
  -2.6295305e+02   3.6503449e+02   2.4062312e+02  -2.5280198e+02  -1.2555414e+02   1.6230406e+02   7.7789844e+00  -4.0840626e+02  -5.0920760e+02  -5.9732577e+02   1.7157777e+02   3.5281380e+02   8.0729384e+02   4.5232194e+01   2.7141041e+02  -6.4727531e+02  -1.1114800e+03   4.7700415e+00   5.0144650e+02   2.8667997e+02   7.5298627e+00   2.2343213e+02  -4.5530789e+02  -6.6692718e+02  -1.3700319e+02   1.6106260e+02   1.8758256e+02   2.0510699e+01   3.7110188e+01  -3.3748164e+02   7.6401789e+01   2.0386969e+02   1.4760141e+01  -7.5570105e+00   1.4340466e+00  -1.8252954e+00   1.5985653e+03  -1.1326413e+02  -1.0463494e+02  -7.9572022e+00   5.1069946e-01  -1.1319067e+00  -3.1127435e+00  -1.8297668e+00   2.1510699e+00   1.1510699e+00
  -2.3757617e+02   4.1991377e+00  -2.0490578e+01   8.2495050e+01   2.7388853e+01   9.0792399e+01   2.7055254e+00  -6.4789844e+01  -1.2274481e+02   2.2400814e+02  -1.5703944e+02  -2.5320345e+01  -1.8007346e+01   1.3419195e+01  -1.4163526e+02  -1.8254312e+02   1.1468700e+02  -1.0749425e+02  -2.5556116e+02  -3.1041999e+01   9.7117534e+00   6.6064197e+01   2.8407697e+01   3.2198179e+01  -8.9249920e+01   2.0898435e+01  -4.8914564e+01  -3.2877675e+00  -4.4627755e+01   1.8681204e+02   1.1043996e+02  -1.0019674e+02   1.9809965e+00  -8.5860747e+00   7.1414883e-01   3.4206324e+00  -1.1326413e+02   7.9708160e+02  -3.3184126e+01  -1.1151070e+01  -2.8776749e-01   1.4282977e+00  -1.5721814e+00  -4.2925583e-01   5.7122325e-01  -4.2877675e-01
   4.7323539e+01   2.0618668e+02  -1.7024337e+02  -1.2465347e+01  -7.5883264e+01  -1.5095177e+01  -3.2577451e-01   1.6269019e+02  -4.0994762e+02   6.3459118e+01   1.0150192e+02   1.6427467e+02   1.5466432e+02  -4.1924305e+00   3.8188758e+01  -8.6165921e+01   1.5610348e+01  -1.9741121e+02   5.0444267e+01  -4.6093101e+01  -5.6291920e-01  -1.4667518e+02   9.8629990e+01  -6.3161450e+01  -1.7563766e+02   2.9098052e+01  -7.7916001e+00  -2.8888534e+00  -3.2250878e+01  -7.5458480e+01  -9.8291281e-01  -4.2816353e+01   2.3262057e+01  -2.6071543e+00  -1.9259023e-01   8.2976685e-01  -1.0463494e+02  -3.3184126e+01   5.5893405e+02  -8.5554136e+00  -8.8885340e-01  -3.8518045e-01   1.9407538e+00   3.7048866e-02  -2.8888534e-01  -2.8888534e-01
   3.3671351e+01  -9.2414564e+00  -1.5361865e+01  -4.3861386e+00  -1.4121048e+01  -8.1283935e+00   5.4710955e-01   4.9843820e+01  -5.1546790e+01  -3.7195784e+00   9.9556052e+00  -2.0696583e+01  -8.0568508e+00   5.3746407e+00   7.1271159e+00  -4.0728202e+00   4.0360268e+01  -1.0390291e+01  -7.1255190e+00   2.4017886e-01  -7.0903865e-01  -3.2024912e+01   9.1552220e+00  -7.5097413e+00   2.1022357e+01   4.5618013e+00  -2.0779304e+00  -5.7489620e-01   4.2286809e+00  -3.9628553e+01  -1.9812520e+01  -1.6087831e+01   4.6790163e+00  -3.1009262e+00  -3.8326413e-02  -2.2229320e+00  -7.9572022e+00  -1.1151070e+01  -8.5554136e+00   1.1770042e+02   4.2510380e-01  -7.6652827e-02  -2.1079527e-01  -1.9163207e-01  -5.7489620e-02  -5.7489620e-02
  -1.1332162e+01  -4.0603641e+00   3.6595337e+00  -1.7346535e+01   1.6219738e+01   2.4679016e+00  -6.1322261e-01  -8.2890450e+00   7.8633025e+00   1.5701054e+00   1.2389013e+00  -6.4241456e+00  -5.1421271e-01  -6.5633983e-01  -1.3468221e+01   9.8179495e-01   2.3090067e+01   4.4024273e+00  -1.9281380e+01   2.0600447e+00  -1.7725966e-01  -5.5062280e+00   8.5388055e+00   5.8725647e+00   1.1505589e+01  -1.3109550e+01  -3.0194826e+00  -1.4372405e-01  -1.9428298e+00  -2.2157138e+01   6.7968700e+00   4.2280422e+00  -1.3302459e+00  -2.5231555e-02  -9.5816033e-03  -5.5573299e-01   5.1069946e-01  -2.8776749e-01  -8.8885340e-01   4.2510380e-01   2.9856276e+01  -1.9163207e-02  -5.2698818e-02  -4.7908017e-02  -1.4372405e-02  -1.4372405e-02
  -2.7109550e+00   1.1919515e+00   4.2127116e-01  -2.7128713e+00   2.9626317e+00   3.9572022e-01  -8.1763015e-02  -2.7052060e+00   3.7151070e+00   1.0760141e+00  -1.0348132e+00  -1.3232194e+00   2.6477164e-01  -8.7511977e-02  -2.9290961e+00  -1.4024273e+00   4.4120089e+00   2.0536570e+00  -4.9041840e+00  -7.2532737e-01  -2.3634622e-02  -4.0083041e-01   4.8051741e+00   2.1830086e+00   3.3407857e-01  -2.9479400e+00   4.6406899e-01  -1.9163207e-02  -5.2571064e-01  -2.4209518e+00  -2.2708400e-01  -1.6959438e-01  -5.1069946e-01  -1.3669754e-01  -1.2775471e-03  -7.4097732e-02  -1.1319067e+00   1.4282977e+00  -3.8518045e-01  -7.6652827e-02  -1.9163207e-02   3.9974449e+00  -7.0265091e-03  -6.3877355e-03  -1.9163207e-03  -1.9163207e-03
   2.5448738e+00  -7.2221335e+00   7.4084957e+00   5.0396040e+00  -4.3527627e+00  -1.6617694e+00  -2.2484829e-01  -5.9393165e+00  -7.7834558e+00  -1.3790961e+01   1.8654264e+01   5.1111466e+00   3.4781220e+00  -2.4065794e-01  -2.3050144e+00  -6.6066752e+00   6.6330246e+00   6.6475567e+00   3.2634941e+00   2.2553497e+00  -6.4995209e-02  -9.3522836e+00  -7.5357713e+00  -9.2467263e+00  -3.0812839e+00  -2.6068349e+00  -1.4738103e+00  -5.2698818e-02  -1.4457042e+00   2.8423826e+00   1.4625519e+01   2.8361546e-01  -1.1544235e+00  -3.7591824e-01  -3.5132546e-03  -2.0376876e-01  -3.1127435e+00  -1.5721814e+00   1.9407538e+00  -2.1079527e-01  -5.2698818e-02  -7.0265091e-03   1.0980677e+01  -1.7566273e-02  -5.2698818e-03  -5.2698818e-03
  -5.7773874e+00   3.9798786e+00  -4.4682210e-01   6.2178218e+00   4.4065794e+00   4.8930054e-01  -2.0440754e-01   3.2369850e+00  -1.1712233e+01   5.1900351e+00  -5.8703290e-01   4.1919515e+00   1.6192910e-01  -2.1877994e-01  -7.8227403e+00  -5.0060683e+00  -4.9699776e+00   7.1341424e+00   2.3954008e-01  -3.3133184e+00  -5.9086554e-02  -5.5020760e+00   3.5129352e+00  -3.0424784e+00   1.8351964e+00  -5.3698499e+00  -1.3398275e+00  -4.7908017e-02  -1.3142766e+00   6.9476206e+00   9.3229000e-01   1.0760141e+00   2.2325136e-01  -3.4174385e-01  -3.1938678e-03  -1.8524433e-01  -1.8297668e+00  -4.2925583e-01   3.7048866e-02  -1.9163207e-01  -4.7908017e-02  -6.3877355e-03  -1.7566273e-02   9.9840307e+00  -4.7908017e-03  -4.7908017e-03
  -1.0332162e+00   1.3939636e+00  -1.4340466e+00   4.6534653e-01   5.7219738e+00  -4.5320984e-01  -6.1322261e-02   4.4710955e+00  -3.2136698e+00   1.0570105e+00  -2.2761099e+00  -2.4241456e-01  -5.1421271e-02  -6.5633983e-02   5.5317790e-01  -1.8018205e+00  -4.1909933e+00  -2.4597573e+00   1.0718620e+00  -1.2939955e+00  -1.7725966e-02  -1.5506228e+00   1.8538805e+00   1.3872565e+00   1.2505589e+00  -2.7109550e+00  -4.0194826e-01  -1.4372405e-02  -3.9428298e-01  -1.3157138e+00   1.0796870e+00   6.2280422e-01  -1.1330246e+00  -1.0252316e-01  -9.5816033e-04  -5.5573299e-02   2.1510699e+00   5.7122325e-01  -2.8888534e-01  -5.7489620e-02  -1.4372405e-02  -1.9163207e-03  -5.2698818e-03  -4.7908017e-03   2.9985628e+00  -1.4372405e-03
   2.9667838e+00   1.3939636e+00  -2.4340466e+00   1.4653465e+00   1.7219738e+00  -4.5320984e-01  -6.1322261e-02  -2.5289045e+00  -2.1366975e-01   1.0570105e+00   2.7238901e+00  -2.2424146e+00  -2.0514213e+00  -6.5633983e-02  -1.4468221e+00   2.1981795e+00   2.8090067e+00   1.5402427e+00  -9.2813798e-01  -2.9399553e-01  -1.7725966e-02  -5.5062280e-01  -2.1461195e+00  -1.6127435e+00   1.2505589e+00  -3.7109550e+00  -4.0194826e-01  -1.4372405e-02  -3.9428298e-01  -1.3157138e+00  -9.2031300e-01  -1.3771958e+00   2.8669754e+00  -1.0252316e-01  -9.5816033e-04  -5.5573299e-02   1.1510699e+00  -4.2877675e-01  -2.8888534e-01  -5.7489620e-02  -1.4372405e-02  -1.9163207e-03  -5.2698818e-03  -4.7908017e-03  -1.4372405e-03   2.9985628e+00
