   2.5376538e+02  -2.6542308e+01   3.9146154e+01  -2.2261538e+01  -1.8084615e+01   1.8419231e+01   1.9403846e+01  -3.5096154e+01   2.0523077e+01   2.2750000e+01  -2.0680769e+01  -3.3753846e+01  -1.3284615e+01   2.0226923e+01  -2.2376923e+01  -2.3388462e+01  -1.2923077e+00   3.5000000e+00  -2.8565385e+01   1.6023077e+01   3.7765385e+01  -2.0253846e+01  -1.8257692e+01  -1.3380769e+01  -1.2692308e+01  -5.2600000e+01  -1.5430769e+01  -2.0296154e+01  -1.7961538e+00  -3.7503846e+01  -2.1423077e+01  -2.6230769e+00  -2.0692308e+00  -1.6530769e+01   3.9565385e+01   9.6807692e+00  -3.2269231e+00  -1.2180769e+01  -3.0669231e+01  -1.2626923e+01   4.0269231e+00   3.6707692e+01   3.3211538e+01   1.2961538e+01   3.1923077e-01  -2.5830769e+01  -2.8761538e+01   2.2815385e+01  -4.3884615e+00
  -2.6542308e+01   3.2330385e+02   1.1223077e+01   2.0969231e+01  -2.6392308e+01  -2.4965385e+01  -1.3673077e+01   1.7826923e+01   6.1538462e-02   1.9750000e+01   4.9346154e+00  -3.2676923e+01  -9.5923077e+00  -6.3115385e+00   6.1615385e+00  -2.9619231e+01  -2.9446154e+01  -3.0500000e+01  -1.6257692e+01  -3.8438462e+01  -1.5542308e+01  -8.1769231e+00  -1.9103846e+01  -1.8765385e+01  -1.0846154e+01  -1.6600000e+01  -2.5815385e+01   3.9626923e+01  -1.1873077e+01  -4.4269231e+00  -4.4961538e+01   1.3838462e+01  -2.7684615e+01  -3.9915385e+01  -2.0742308e+01   2.4065385e+01   1.3311538e+01   3.2434615e+01  -3.7284615e+01   1.4911538e+01  -1.7511538e+01   4.5538462e+00   2.9807692e+00  -4.2692308e+00   2.2934615e+01   1.2784615e+01   3.1469231e+01   2.0507692e+01  -3.5619231e+01
   3.9146154e+01   1.1223077e+01   3.2413846e+02  -1.5984615e+01  -3.5553846e+01  -1.2392308e+01   7.9615385e+00  -3.8038462e+01   1.2969231e+01   1.0500000e+01   1.9407692e+01  -3.8661538e+01   8.0461538e+00  -4.6923077e-01  -1.8830769e+01  -3.1538462e-01  -1.8276923e+01   4.0000000e+00  -5.7746154e+01  -4.6030769e+01  -1.9853846e+01  -4.6615385e+00  -9.8230769e+00  -9.9923077e+00  -1.0769231e+00  -3.0200000e+01  -4.1092308e+01  -1.1438462e+01  -2.2438462e+01   1.3838462e+01  -2.6769231e+01  -7.1692308e+00  -3.4907692e+01   1.3707692e+01   1.5746154e+01   1.5592308e+01  -1.2530769e+01   2.7407692e+01  -1.0769231e-01  -9.3307692e+00  -2.0869231e+01   7.2307692e-01  -6.1153846e+00  -1.6615385e+01  -1.9592308e+01   3.5107692e+01   9.0153846e+00   1.6246154e+01  -2.0315385e+01
  -2.2261538e+01   2.0969231e+01  -1.5984615e+01   3.0344615e+02  -1.9061538e+01   1.3123077e+01  -3.8615385e+01   1.9384615e+01  -3.3892308e+01   2.1000000e+01  -6.7692308e-01   3.2815385e+01  -1.6661538e+01   2.1892308e+01   1.9907692e+01   2.2353846e+01   9.6923077e-01  -3.4000000e+01  -2.1384615e+00  -9.8923077e+00   2.7384615e+00  -1.3184615e+01  -9.3692308e+00  -3.3276923e+01  -3.5230769e+01  -1.4800000e+01  -8.4676923e+01   8.7846154e+00   2.9784615e+01   2.8815385e+01  -2.2307692e+01  -1.9076923e+00  -4.8323077e+01  -1.0476923e+01  -2.1861538e+01   1.4676923e+01  -7.8923077e+00   3.5323077e+01  -3.1230769e+00   3.9076923e+00   7.2923077e+00  -1.2030769e+01  -2.8461538e+00  -4.5846154e+01  -1.7676923e+01   1.2307692e-01   4.4461538e+00  -4.0861538e+01   3.5384615e-01
  -1.8084615e+01  -2.6392308e+01  -3.5553846e+01  -1.9061538e+01   3.2721538e+02  -2.9307692e+00  -2.9346154e+01  -2.7346154e+01   4.1230769e+00   7.5000000e+00  -3.1307692e+00   3.6461538e+00   4.8153846e+00  -1.6623077e+01   3.2307692e-01  -2.3846154e-01  -3.0892308e+01   3.6000000e+01  -1.9515385e+01   1.7123077e+01  -1.0846154e+00  -3.5384615e-01   1.5792308e+01  -2.9530769e+01  -4.9692308e+01   8.0000000e-01  -4.0630769e+01  -2.5746154e+01   1.1253846e+01   3.8146154e+01   1.1076923e+01  -3.2323077e+01  -3.0369231e+01   1.4169231e+01   1.0515385e+01  -1.6869231e+01   2.0623077e+01  -1.8130769e+01  -3.9569231e+01  -1.1769231e+00   2.9769231e+00  -1.0892308e+01   7.9615385e+00   9.4615385e+00  -3.2130769e+01   6.5692308e+00   3.9384615e+00   1.4015385e+01  -1.3238462e+01
   1.8419231e+01  -2.4965385e+01  -1.2392308e+01   1.3123077e+01  -2.9307692e+00   2.4361154e+02  -1.3557692e+01  -4.0576923e+00   7.5384615e-01   5.2500000e+00  -1.7488462e+01  -2.9230769e-01  -4.5130769e+01  -1.4503846e+01  -2.3146154e+01   2.7269231e+00  -2.1538462e-01  -1.3500000e+01  -2.8219231e+01  -1.7461538e+00  -3.5807692e+00   2.3207692e+01  -1.8834615e+01  -4.1884615e+00   9.3846154e+00   8.4000000e+00   7.2615385e+00  -2.3257692e+01  -9.7576923e+00  -1.0542308e+01   5.3461538e+00  -2.8538462e+00  -1.0761538e+01  -1.1838462e+01   1.5219231e+01   1.3488462e+01   4.5038462e+00  -6.6988462e+01   8.6384615e+00   2.1038462e+00  -1.7038462e+00   9.7846154e+00   9.3269231e+00   6.5769231e+00  -3.1488462e+01  -4.1384615e+00  -3.3769231e+00   1.3969231e+01  -1.0273077e+01
   1.9403846e+01  -1.3673077e+01   7.9615385e+00  -3.8615385e+01  -2.9346154e+01  -1.3557692e+01   2.6028846e+02  -3.1211538e+01   5.2307692e+00   5.2500000e+00   1.3942308e+01  -2.5384615e+00  -3.6346154e+01  -5.0980769e+01  -1.6269231e+01  -1.2134615e+01   1.3076923e+01  -2.1500000e+01  -1.3403846e+01  -6.2692308e+00   3.0403846e+01   1.7961538e+01   2.6730769e+00   4.4442308e+01  -1.7923077e+01  -2.4000000e+01   1.1692308e+01   4.7884615e+00  -3.6711538e+01  -2.0788462e+01   1.2269231e+01  -2.7307692e+00   1.4807692e+01  -1.9807692e+01   2.3403846e+01  -1.1942308e+01   2.3980769e+01  -6.2557692e+01  -1.6192308e+01  -5.0192308e+00   1.5019231e+01  -9.2307692e-01  -3.4134615e+01   4.1153846e+00   6.2942308e+01   7.6923077e+00  -3.1115385e+01  -1.8846154e+01  -1.2134615e+01
  -3.5096154e+01   1.7826923e+01  -3.8038462e+01   1.9384615e+01  -2.7346154e+01  -4.0576923e+00  -3.1211538e+01   3.1228846e+02  -3.4769231e+01  -2.2250000e+01   1.1442308e+01   1.0461538e+01  -1.7346154e+01   1.1519231e+01  -4.2692308e+00   3.6538462e-01  -2.3923077e+01  -3.5500000e+01   1.0961538e+00   3.3730769e+01   3.3903846e+01  -1.0038462e+01  -3.6826923e+01   3.9423077e+00  -2.0923077e+01   5.0000000e+00  -3.1307692e+01   1.7288462e+01   3.6788462e+01  -2.5288462e+01  -3.3730769e+01  -9.7307692e+00  -4.1923077e+00   3.4192308e+01  -4.3096154e+01  -1.1442308e+01  -9.5192308e+00   2.0942308e+01   6.8076923e+00  -2.0519231e+01  -8.4807692e+00  -1.9923077e+01  -2.6346154e+00  -1.5884615e+01   1.5442308e+01   1.3692308e+01   5.8846154e+00  -2.1846154e+01  -7.6346154e+00
   2.0523077e+01   6.1538462e-02   1.2969231e+01  -3.3892308e+01   4.1230769e+00   7.5384615e-01   5.2307692e+00  -3.4769231e+01   2.8578462e+02   2.0000000e+01  -2.2646154e+01  -2.0630769e+01  -5.6769231e+00  -1.2784615e+01   7.1846154e+00  -2.1707692e+01   9.0615385e+00  -1.2000000e+01  -1.1723077e+01  -1.7215385e+01  -3.4476923e+01  -2.8630769e+01  -3.0261538e+01  -9.4461538e+00   2.1461538e+01  -4.4000000e+00  -7.6461538e+00  -1.3569231e+01  -4.0569231e+01  -1.1630769e+01   6.6153846e+00   6.8153846e+00   6.6461538e+00   1.9538462e+00   1.3723077e+01  -1.1353846e+01  -3.2153846e+00   1.3353846e+01   8.2461538e+00   2.1846154e+00  -5.5846154e+00  -2.4938462e+01   2.6923077e+00  -2.2307692e+01   2.3538462e+00  -1.4246154e+01  -3.1892308e+01   2.8723077e+01  -6.7076923e+00
   2.2750000e+01   1.9750000e+01   1.0500000e+01   2.1000000e+01   7.5000000e+00   5.2500000e+00   5.2500000e+00  -2.2250000e+01   2.0000000e+01   2.4075000e+02   1.2750000e+01   2.4000000e+01  -9.5000000e+00  -2.0250000e+01  -1.0500000e+01   3.7500000e+00  -2.1000000e+01   1.4500000e+01   1.2500000e+00  -3.7500000e+01  -2.5250000e+01  -2.8500000e+01  -7.5000000e-01  -1.5750000e+01   3.0000000e+00  -2.1000000e+01  -7.0000000e+00  -1.2250000e+01  -1.4750000e+01  -9.7500000e+00   3.4500000e+01  -2.3500000e+01  -4.5000000e+00  -3.0500000e+01  -2.5250000e+01  -6.7500000e+00   4.1250000e+01  -3.1750000e+01   6.5000000e+00   2.5000000e-01   1.5750000e+01  -5.8000000e+01  -1.9250000e+01   4.5000000e+00  -3.9250000e+01  -2.2000000e+01  -1.8500000e+01   1.2000000e+01   2.4750000e+01
  -2.0680769e+01   4.9346154e+00   1.9407692e+01  -6.7692308e-01  -3.1307692e+00  -1.7488462e+01   1.3942308e+01   1.1442308e+01  -2.2646154e+01   1.2750000e+01   2.3481154e+02  -1.7892308e+01  -3.5307692e+00  -3.4603846e+01   1.0538462e+00  -1.0373077e+01  -7.8153846e+00   1.5000000e+00   1.2080769e+01  -1.4146154e+01  -5.6807692e+00  -5.3923077e+00   7.4653846e+00  -1.0884615e+00  -1.6153846e+00  -7.2000000e+00   1.4061538e+01  -2.4957692e+01   1.2542308e+01   8.3576923e+00  -2.0653846e+01  -2.4053846e+01  -1.3561538e+01  -2.6384615e+00  -4.9080769e+01  -5.0811538e+01   6.0384615e-01  -3.4688462e+01   1.4238462e+01   2.8038462e+00   2.5996154e+01   2.0184615e+01   1.3826923e+01  -1.9423077e+01   1.2811538e+01  -2.0738462e+01   4.8230769e+00   7.1692308e+00  -1.7373077e+01
  -3.3753846e+01  -3.2676923e+01  -3.8661538e+01   3.2815385e+01   3.6461538e+00  -2.9230769e-01  -2.5384615e+00   1.0461538e+01  -2.0630769e+01   2.4000000e+01  -1.7892308e+01   2.7393846e+02  -1.2553846e+01  -8.3692308e+00  -4.4030769e+01  -2.4215385e+01  -1.6769231e+00   1.5000000e+01  -4.6153846e-02  -1.8630769e+01  -5.7538462e+00  -2.4061538e+01  -3.1230769e+00   7.9076923e+00   8.9230769e+00  -8.6000000e+00   2.2107692e+01   1.4261538e+01   1.0261538e+01  -1.5061538e+01   2.4230769e+01  -2.1969231e+01   1.0892308e+01  -2.1492308e+01  -4.1953846e+01   8.8923077e+00   1.3369231e+01  -4.8892308e+01  -6.7076923e+00  -3.0307692e+00   3.1430769e+01   8.3230769e+00   7.3846154e+00  -7.6153846e+00  -1.2892308e+01  -8.2923077e+00  -5.1846154e+00  -3.9538462e+00  -1.0215385e+01
  -1.3284615e+01  -9.5923077e+00   8.0461538e+00  -1.6661538e+01   4.8153846e+00  -4.5130769e+01  -3.6346154e+01  -1.7346154e+01  -5.6769231e+00  -9.5000000e+00  -3.5307692e+00  -1.2553846e+01   2.7801538e+02  -5.9823077e+01  -2.7276923e+01   5.6153846e-01  -1.0092308e+01   2.0000000e+00   2.4084615e+01   3.3230769e+00  -3.0284615e+01  -2.2553846e+01  -1.5607692e+01   8.6692308e+00   1.5307692e+01   2.1600000e+01   2.4969231e+01  -1.8146154e+01   1.8538462e+00   3.1946154e+01  -2.1923077e+01  -2.9723077e+01   1.5030769e+01  -1.5430769e+01  -5.0846154e+00   8.5307692e+00  -1.3176923e+01   2.5469231e+01  -2.2369231e+01   3.2230769e+00   2.3769231e+00   7.9076923e+00  -3.8461538e-02   5.4615385e+00  -1.0530769e+01   3.3692308e+00  -3.6615385e+00  -1.5584615e+01   5.6153846e-01
   2.0226923e+01  -6.3115385e+00  -4.6923077e-01   2.1892308e+01  -1.6623077e+01  -1.4503846e+01  -5.0980769e+01   1.1519231e+01  -1.2784615e+01  -2.0250000e+01  -3.4603846e+01  -8.3692308e+00  -5.9823077e+01   3.4453462e+02   2.9315385e+01   2.1457692e+01   1.1938462e+01  -3.5000000e+00  -1.9026923e+01   4.7153846e+00   3.2269231e+00  -3.8692308e+00  -9.4884615e+00  -4.2303846e+01  -1.2461538e+01  -2.9600000e+01  -3.6353846e+01   9.3192308e+00   8.1923077e-01  -6.5119231e+01  -1.9115385e+01  -4.3153846e+00  -3.5146154e+01   2.5461538e+00   3.8026923e+01   3.0603846e+01  -2.6534615e+01   1.7896154e+01  -2.1746154e+01   2.0653846e+00  -6.6653846e+00   7.9384615e+00   3.0576923e+00   2.4807692e+01  -8.6038462e+00  -1.4753846e+01  -1.3607692e+01  -1.5723077e+01   3.4576923e+00
  -2.2376923e+01   6.1615385e+00  -1.8830769e+01   1.9907692e+01   3.2307692e-01  -2.3146154e+01  -1.6269231e+01  -4.2692308e+00   7.1846154e+00  -1.0500000e+01   1.0538462e+00  -4.4030769e+01  -2.7276923e+01   2.9315385e+01   2.4998462e+02  -7.6076923e+00  -1.3338462e+01  -1.9000000e+01  -9.0230769e+00  -2.6815385e+01  -5.3769231e+00  -1.0307692e+00   2.4384615e+00  -1.3546154e+01  -1.7538462e+01  -7.8000000e+00  -1.6446154e+01   1.2130769e+01   1.3130769e+01   2.4692308e+00   4.6153846e+00  -6.9846154e+00  -1.0553846e+01  -8.2461538e+00   1.2023077e+01  -6.0538462e+00  -1.0315385e+01   1.8053846e+01   1.1646154e+01  -2.3515385e+01   3.7153846e+00   2.6661538e+01   3.1923077e+00  -2.5307692e+01   2.4053846e+01  -1.6646154e+01  -3.1092308e+01   5.2307692e-01  -3.8607692e+01
  -2.3388462e+01  -2.9619231e+01  -3.1538462e-01   2.2353846e+01  -2.3846154e-01   2.7269231e+00  -1.2134615e+01   3.6538462e-01  -2.1707692e+01   3.7500000e+00  -1.0373077e+01  -2.4215385e+01   5.6153846e-01   2.1457692e+01  -7.6076923e+00   2.2099615e+02  -6.3692308e+00  -2.4500000e+01  -6.4115385e+00   8.7923077e+00   1.6115385e+00   6.2846154e+00  -3.8180769e+01  -7.3076923e-02   5.2307692e+00  -1.2600000e+01  -9.1230769e+00  -6.8346154e+00  -3.6334615e+01  -1.0965385e+01   3.0807692e+01   7.6076923e+00  -1.2376923e+01  -6.2230769e+00   2.7411538e+01  -3.5626923e+01  -4.5769231e-01   8.1269231e+00   3.5023077e+01   2.1142308e+01   8.2576923e+00  -2.2369231e+01  -3.4403846e+01  -7.6538462e+00  -2.6373077e+01  -1.4523077e+01   4.8538462e+00  -2.4338462e+01   2.2996154e+01
  -1.2923077e+00  -2.9446154e+01  -1.8276923e+01   9.6923077e-01  -3.0892308e+01  -2.1538462e-01   1.3076923e+01  -2.3923077e+01   9.0615385e+00  -2.1000000e+01  -7.8153846e+00  -1.6769231e+00  -1.0092308e+01   1.1938462e+01  -1.3338462e+01  -6.3692308e+00   2.1855385e+02   7.0000000e+00   6.4923077e+00  -3.0938462e+01  -3.1292308e+01   1.5323077e+01  -8.3538462e+00  -1.8015385e+01   2.1153846e+01  -2.1600000e+01   2.5184615e+01   2.8769231e+00  -2.8123077e+01   3.3230769e+00  -1.4461538e+01   1.1338462e+01   1.8815385e+01   3.5846154e+00   5.5076923e+00  -3.2184615e+01  -2.8938462e+01  -8.8153846e+00   6.2153846e+00   4.6615385e+00   5.7384615e+00   1.2553846e+01  -1.7769231e+01   8.2307692e+00  -1.0815385e+01   7.7846154e+00  -3.0307692e+00   4.5076923e+00  -1.3692308e+00
   3.5000000e+00  -3.0500000e+01   4.0000000e+00  -3.4000000e+01   3.6000000e+01  -1.3500000e+01  -2.1500000e+01  -3.5500000e+01  -1.2000000e+01   1.4500000e+01   1.5000000e+00   1.5000000e+01   2.0000000e+00  -3.5000000e+00  -1.9000000e+01  -2.4500000e+01   7.0000000e+00   2.5500000e+02  -1.7500000e+01  -1.9000000e+01  -8.5000000e+00   1.3000000e+01   8.5000000e+00  -2.5000000e+00  -1.4000000e+01  -2.8000000e+01  -5.0000000e+00  -5.5000000e+00  -3.0500000e+01   1.6500000e+01   2.0000000e+01  -2.0000000e+00   3.0000000e+00  -2.9000000e+01  -1.9500000e+01  -4.2500000e+01  -9.5000000e+00  -2.4500000e+01   3.0000000e+00   3.5500000e+01   2.3500000e+01  -9.0000000e+00   1.2500000e+01  -4.0000000e+00  -2.9500000e+01  -3.0000000e+01   1.4000000e+01   8.0000000e+00   2.0500000e+01
  -2.8565385e+01  -1.6257692e+01  -5.7746154e+01  -2.1384615e+00  -1.9515385e+01  -2.8219231e+01  -1.3403846e+01   1.0961538e+00  -1.1723077e+01   1.2500000e+00   1.2080769e+01  -4.6153846e-02   2.4084615e+01  -1.9026923e+01  -9.0230769e+00  -6.4115385e+00   6.4923077e+00  -1.7500000e+01   2.5696538e+02   3.5776923e+01  -1.2565385e+01  -2.6546154e+01   9.6576923e+00  -1.3819231e+01  -1.1307692e+01   5.4800000e+01   6.8307692e+00  -5.6303846e+01  -2.7803846e+01  -3.2961538e+00   2.0423077e+01   5.0230769e+00   5.4669231e+01   2.3130769e+01  -2.6965385e+01  -1.8080769e+01  -7.9730769e+00   2.5807692e+00   7.4692308e+00  -1.7730769e+00  -3.5426923e+01  -1.3507692e+01   5.7884615e+00   7.0384615e+00  -2.2919231e+01  -2.2969231e+01   1.7361538e+01  -1.1215385e+01   2.3588462e+01
   1.6023077e+01  -3.8438462e+01  -4.6030769e+01  -9.8923077e+00   1.7123077e+01  -1.7461538e+00  -6.2692308e+00   3.3730769e+01  -1.7215385e+01  -3.7500000e+01  -1.4146154e+01  -1.8630769e+01   3.3230769e+00   4.7153846e+00  -2.6815385e+01   8.7923077e+00  -3.0938462e+01  -1.9000000e+01   3.5776923e+01   2.9078462e+02   1.6023077e+01  -1.4630769e+01  -1.7761538e+01   1.1053846e+01  -2.1538462e+01   2.1600000e+01   2.0353846e+01  -1.8069231e+01   3.9930769e+01  -1.7130769e+01  -1.7384615e+01  -2.8184615e+01   2.8646154e+01  -1.2046154e+01  -1.7776923e+01   4.1461538e+00  -2.7153846e+00  -1.3146154e+01  -8.7538462e+00  -2.6315385e+01  -3.1084615e+01  -4.9384615e+00   3.1192308e+01  -8.3076923e+00  -2.1146154e+01  -4.2246154e+01   1.1107692e+01  -2.9276923e+01   3.3792308e+01
   3.7765385e+01  -1.5542308e+01  -1.9853846e+01   2.7384615e+00  -1.0846154e+00  -3.5807692e+00   3.0403846e+01   3.3903846e+01  -3.4476923e+01  -2.5250000e+01  -5.6807692e+00  -5.7538462e+00  -3.0284615e+01   3.2269231e+00  -5.3769231e+00   1.6115385e+00  -3.1292308e+01  -8.5000000e+00  -1.2565385e+01   1.6023077e+01   3.0776538e+02   1.6746154e+01  -4.2576923e+00  -2.4380769e+01  -5.9692308e+01  -2.8600000e+01  -1.9430769e+01  -1.9296154e+01   2.3203846e+01   6.4961538e+00   3.5769231e+00  -2.6623077e+01  -2.5069231e+01   1.3469231e+01  -1.4346154e+00   4.6807692e+00   3.0773077e+01  -2.8180769e+01  -4.0669231e+01  -1.7626923e+01  -1.4973077e+01  -5.0292308e+01  -7.8846154e-01   3.8961538e+01   3.4319231e+01   7.1692308e+00  -2.8761538e+01  -3.5184615e+01   1.5611538e+01
  -2.0253846e+01  -8.1769231e+00  -4.6615385e+00  -1.3184615e+01  -3.5384615e-01   2.3207692e+01   1.7961538e+01  -1.0038462e+01  -2.8630769e+01  -2.8500000e+01  -5.3923077e+00  -2.4061538e+01  -2.2553846e+01  -3.8692308e+00  -1.0307692e+00   6.2846154e+00   1.5323077e+01   1.3000000e+01  -2.6546154e+01  -1.4630769e+01   1.6746154e+01   2.5693846e+02  -7.6230769e+00  -6.5923077e+00   1.4923077e+01  -2.6600000e+01  -1.8923077e+00   3.8761538e+01   1.1761538e+01   3.4384615e+00  -8.7692308e+00  -1.8969231e+01  -6.1076923e+00  -7.4923077e+00  -4.5384615e-01   1.1392308e+01   5.8692308e+00  -2.3923077e+00  -1.7076923e+00  -3.2530769e+01  -2.0069231e+01  -1.6769231e+00  -2.9115385e+01   1.0384615e+01  -8.3923077e+00  -1.3292308e+01  -3.0184615e+01  -6.9538462e+00   3.1284615e+01
  -1.8257692e+01  -1.9103846e+01  -9.8230769e+00  -9.3692308e+00   1.5792308e+01  -1.8834615e+01   2.6730769e+00  -3.6826923e+01  -3.0261538e+01  -7.5000000e-01   7.4653846e+00  -3.1230769e+00  -1.5607692e+01  -9.4884615e+00   2.4384615e+00  -3.8180769e+01  -8.3538462e+00   8.5000000e+00   9.6576923e+00  -1.7761538e+01  -4.2576923e+00  -7.6230769e+00   2.8050385e+02  -2.8434615e+01   2.5846154e+01  -2.3200000e+01  -8.7846154e+00  -2.5226923e+01  -1.5726923e+01   7.6269231e+00   9.6153846e-01   1.3561538e+01   2.6284615e+01   3.5515385e+01  -2.0657692e+01  -2.4653846e+00  -1.5511538e+01  -1.4034615e+01  -9.1538462e-01  -1.7311538e+01  -8.8884615e+00  -2.8353846e+01   1.4019231e+01   3.0269231e+01   2.3465385e+01  -2.5584615e+01  -4.0869231e+01  -9.9076923e+00   3.0819231e+01
  -1.3380769e+01  -1.8765385e+01  -9.9923077e+00  -3.3276923e+01  -2.9530769e+01  -4.1884615e+00   4.4442308e+01   3.9423077e+00  -9.4461538e+00  -1.5750000e+01  -1.0884615e+00   7.9076923e+00   8.6692308e+00  -4.2303846e+01  -1.3546154e+01  -7.3076923e-02  -1.8015385e+01  -2.5000000e+00  -1.3819231e+01   1.1053846e+01  -2.4380769e+01  -6.5923077e+00  -2.8434615e+01   2.0961154e+02  -2.6153846e+00   3.3600000e+01   2.9661538e+01  -2.7857692e+01  -1.3576923e+00  -2.7342308e+01   6.3461538e+00  -2.4538462e+00   2.8384615e+00  -1.7238462e+01  -1.0180769e+01  -1.2911538e+01   4.3038462e+00  -2.6588462e+01  -8.5615385e+00  -1.3296154e+01   1.2896154e+01  -7.0153846e+00   3.3269231e+00   1.1576923e+01   2.0911538e+01  -1.3938462e+01   1.7223077e+01   2.2569231e+01   1.5926923e+01
  -1.2692308e+01  -1.0846154e+01  -1.0769231e+00  -3.5230769e+01  -4.9692308e+01   9.3846154e+00  -1.7923077e+01  -2.0923077e+01   2.1461538e+01   3.0000000e+00  -1.6153846e+00   8.9230769e+00   1.5307692e+01  -1.2461538e+01  -1.7538462e+01   5.2307692e+00   2.1153846e+01  -1.4000000e+01  -1.1307692e+01  -2.1538462e+01  -5.9692308e+01   1.4923077e+01   2.5846154e+01  -2.6153846e+00   2.3215385e+02  -2.0000000e+01   2.7384615e+01  -2.4923077e+01  -3.9923077e+01   3.9230769e+00   3.7538462e+01   4.5384615e+00   1.4615385e+01   1.3846154e+00  -1.8692308e+01  -4.3846154e+00  -1.7538462e+01  -1.6615385e+01   1.6153846e+00   1.3461538e+01  -1.7461538e+01   7.1538462e+00   2.2307692e+00   3.2307692e+00   6.3846154e+00  -2.6615385e+01  -1.3230769e+01  -1.7692308e+01   1.0230769e+01
  -5.2600000e+01  -1.6600000e+01  -3.0200000e+01  -1.4800000e+01   8.0000000e-01   8.4000000e+00  -2.4000000e+01   5.0000000e+00  -4.4000000e+00  -2.1000000e+01  -7.2000000e+00  -8.6000000e+00   2.1600000e+01  -2.9600000e+01  -7.8000000e+00  -1.2600000e+01  -2.1600000e+01  -2.8000000e+01   5.4800000e+01   2.1600000e+01  -2.8600000e+01  -2.6600000e+01  -2.3200000e+01   3.3600000e+01  -2.0000000e+01   2.8640000e+02  -1.2200000e+01  -5.3200000e+01   2.4800000e+01   2.1400000e+01   1.5000000e+01   1.9800000e+01   4.4200000e+01   1.2000000e+00  -4.0800000e+01  -1.4800000e+01  -2.1400000e+01   3.9800000e+01  -6.4000000e+00  -2.4800000e+01  -1.2800000e+01  -9.6000000e+00   2.2000000e+01  -2.6000000e+01  -2.3200000e+01   6.4000000e+00  -8.0000000e-01  -2.7800000e+01   4.0400000e+01
  -1.5430769e+01  -2.5815385e+01  -4.1092308e+01  -8.4676923e+01  -4.0630769e+01   7.2615385e+00   1.1692308e+01  -3.1307692e+01  -7.6461538e+00  -7.0000000e+00   1.4061538e+01   2.2107692e+01   2.4969231e+01  -3.6353846e+01  -1.6446154e+01  -9.1230769e+00   2.5184615e+01  -5.0000000e+00   6.8307692e+00   2.0353846e+01  -1.9430769e+01  -1.8923077e+00  -8.7846154e+00   2.9661538e+01   2.7384615e+01  -1.2200000e+01   3.0006154e+02  -9.7076923e+00  -3.3707692e+01  -2.1892308e+01  -2.5153846e+01   1.8446154e+01   4.7938462e+01  -3.2138462e+01  -1.2830769e+01  -2.0061538e+01  -2.6461538e+00  -5.4938462e+01   3.2738462e+01  -3.2446154e+01  -1.7538462e+00  -1.4815385e+01   1.1076923e+01   2.8076923e+01   4.0615385e+00   1.0261538e+01   2.3323077e+01   1.6169231e+01   3.8769231e+00
  -2.0296154e+01   3.9626923e+01  -1.1438462e+01   8.7846154e+00  -2.5746154e+01  -2.3257692e+01   4.7884615e+00   1.7288462e+01  -1.3569231e+01  -1.2250000e+01  -2.4957692e+01   1.4261538e+01  -1.8146154e+01   9.3192308e+00   1.2130769e+01  -6.8346154e+00   2.8769231e+00  -5.5000000e+00  -5.6303846e+01  -1.8069231e+01  -1.9296154e+01   3.8761538e+01  -2.5226923e+01  -2.7857692e+01  -2.4923077e+01  -5.3200000e+01  -9.7076923e+00   2.8388846e+02   4.4388462e+01  -2.0488462e+01  -3.8730769e+01  -1.1130769e+01  -1.7792308e+01  -2.4407692e+01   1.3303846e+01   3.1957692e+01   1.1680769e+01   9.5423077e+00   1.4007692e+01  -1.2119231e+01   5.9192308e+00   1.6876923e+01  -3.4634615e+01  -2.0884615e+01   1.9042308e+01   3.8492308e+01  -2.3715385e+01   1.2553846e+01  -3.7834615e+01
  -1.7961538e+00  -1.1873077e+01  -2.2438462e+01   2.9784615e+01   1.1253846e+01  -9.7576923e+00  -3.6711538e+01   3.6788462e+01  -4.0569231e+01  -1.4750000e+01   1.2542308e+01   1.0261538e+01   1.8538462e+00   8.1923077e-01   1.3130769e+01  -3.6334615e+01  -2.8123077e+01  -3.0500000e+01  -2.7803846e+01   3.9930769e+01   2.3203846e+01   1.1761538e+01  -1.5726923e+01  -1.3576923e+00  -3.9923077e+01   2.4800000e+01  -3.3707692e+01   4.4388462e+01   2.9388846e+02   3.0115385e+00  -3.3730769e+01  -1.6130769e+01  -3.8792308e+01  -8.4076923e+00  -1.0196154e+01   9.4576923e+00   1.8180769e+01   3.8042308e+01  -3.0992308e+01  -4.2619231e+01  -1.7580769e+01   4.4876923e+01   8.8653846e+00  -2.8884615e+01  -3.5457692e+01   3.4923077e+00  -1.7153846e+00  -3.1446154e+01  -3.3461538e-01
  -3.7503846e+01  -4.4269231e+00   1.3838462e+01   2.8815385e+01   3.8146154e+01  -1.0542308e+01  -2.0788462e+01  -2.5288462e+01  -1.1630769e+01  -9.7500000e+00   8.3576923e+00  -1.5061538e+01   3.1946154e+01  -6.5119231e+01   2.4692308e+00  -1.0965385e+01   3.3230769e+00   1.6500000e+01  -3.2961538e+00  -1.7130769e+01   6.4961538e+00   3.4384615e+00   7.6269231e+00  -2.7342308e+01   3.9230769e+00   2.1400000e+01  -2.1892308e+01  -2.0488462e+01   3.0115385e+00   2.3868846e+02   1.2730769e+01  -4.1469231e+01  -1.1607692e+01  -1.2992308e+01   1.7296154e+01   9.6423077e+00  -9.8807692e+00   1.9857692e+01  -1.2207692e+01  -1.3280769e+01  -4.2319231e+01  -4.6769231e+00  -2.3653846e+00  -2.0115385e+01  -2.8642308e+01  -5.2923077e+00   3.3153846e+00  -4.7953846e+01   1.1034615e+01
  -2.1423077e+01  -4.4961538e+01  -2.6769231e+01  -2.2307692e+01   1.1076923e+01   5.3461538e+00   1.2269231e+01  -3.3730769e+01   6.6153846e+00   3.4500000e+01  -2.0653846e+01   2.4230769e+01  -2.1923077e+01  -1.9115385e+01   4.6153846e+00   3.0807692e+01  -1.4461538e+01   2.0000000e+01   2.0423077e+01  -1.7384615e+01   3.5769231e+00  -8.7692308e+00   9.6153846e-01   6.3461538e+00   3.7538462e+01   1.5000000e+01  -2.5153846e+01  -3.8730769e+01  -3.3730769e+01   1.2730769e+01   2.6638462e+02  -3.1615385e+01  -1.8461538e+00  -1.9153846e+01  -1.4423077e+01  -1.5346154e+01   2.4115385e+01  -6.6538462e+00   1.3153846e+01   6.1153846e+00  -2.1115385e+01  -2.2461538e+01  -2.0192308e+01   4.3076923e+00  -3.9653846e+01   1.3846154e+01  -4.8307692e+01  -1.4923077e+01   2.0807692e+01
  -2.6230769e+00   1.3838462e+01  -7.1692308e+00  -1.9076923e+00  -3.2323077e+01  -2.8538462e+00  -2.7307692e+00  -9.7307692e+00   6.8153846e+00  -2.3500000e+01  -2.4053846e+01  -2.1969231e+01  -2.9723077e+01  -4.3153846e+00  -6.9846154e+00   7.6076923e+00   1.1338462e+01  -2.0000000e+00   5.0230769e+00  -2.8184615e+01  -2.6623077e+01  -1.8969231e+01   1.3561538e+01  -2.4538462e+00   4.5384615e+00   1.9800000e+01   1.8446154e+01  -1.1130769e+01  -1.6130769e+01  -4.1469231e+01  -3.1615385e+01   2.3798462e+02  -1.6446154e+01  -1.7538462e+00  -1.4023077e+01  -3.2946154e+01  -4.1684615e+01   1.6946154e+01   1.9353846e+01   2.4515385e+01  -3.7153846e+00  -2.5661538e+01  -1.7192308e+01  -6.9230769e-01   9.9461538e+00   2.8646154e+01   2.5092308e+01   5.5476923e+01  -1.1392308e+01
  -2.0692308e+00  -2.7684615e+01  -3.4907692e+01  -4.8323077e+01  -3.0369231e+01  -1.0761538e+01   1.4807692e+01  -4.1923077e+00   6.6461538e+00  -4.5000000e+00  -1.3561538e+01   1.0892308e+01   1.5030769e+01  -3.5146154e+01  -1.0553846e+01  -1.2376923e+01   1.8815385e+01   3.0000000e+00   5.4669231e+01   2.8646154e+01  -2.5069231e+01  -6.1076923e+00   2.6284615e+01   2.8384615e+00   1.4615385e+01   4.4200000e+01   4.7938462e+01  -1.7792308e+01  -3.8792308e+01  -1.1607692e+01  -1.8461538e+00  -1.6446154e+01   2.8106154e+02  -2.4861538e+01  -3.8669231e+01  -9.4384615e+00  -3.4853846e+01  -1.3561538e+01   2.1261538e+01  -8.0538462e+00  -1.7461538e+00  -2.6184615e+01   1.4230769e+00  -5.0769231e+00  -8.5615385e+00  -2.8261538e+01   1.6769231e+00  -1.8169231e+01   1.8623077e+01
  -1.6530769e+01  -3.9915385e+01   1.3707692e+01  -1.0476923e+01   1.4169231e+01  -1.1838462e+01  -1.9807692e+01   3.4192308e+01   1.9538462e+00  -3.0500000e+01  -2.6384615e+00  -2.1492308e+01  -1.5430769e+01   2.5461538e+00  -8.2461538e+00  -6.2230769e+00   3.5846154e+00  -2.9000000e+01   2.3130769e+01  -1.2046154e+01   1.3469231e+01  -7.4923077e+00   3.5515385e+01  -1.7238462e+01   1.3846154e+00   1.2000000e+00  -3.2138462e+01  -2.4407692e+01  -8.4076923e+00  -1.2992308e+01  -1.9153846e+01  -1.7538462e+00  -2.4861538e+01   2.5506154e+02  -7.1307692e+00  -1.3361538e+01  -5.4615385e-01  -1.7638462e+01  -3.6615385e+00   6.2538462e+00   2.5946154e+01  -1.5415385e+01   1.8576923e+01  -9.2307692e-01   8.3615385e+00  -3.3384615e+00   5.5230769e+00  -2.0630769e+01   2.7769231e+00
   3.9565385e+01  -2.0742308e+01   1.5746154e+01  -2.1861538e+01   1.0515385e+01   1.5219231e+01   2.3403846e+01  -4.3096154e+01   1.3723077e+01  -2.5250000e+01  -4.9080769e+01  -4.1953846e+01  -5.0846154e+00   3.8026923e+01   1.2023077e+01   2.7411538e+01   5.5076923e+00  -1.9500000e+01  -2.6965385e+01  -1.7776923e+01  -1.4346154e+00  -4.5384615e-01  -2.0657692e+01  -1.0180769e+01  -1.8692308e+01  -4.0800000e+01  -1.2830769e+01   1.3303846e+01  -1.0196154e+01   1.7296154e+01  -1.4423077e+01  -1.4023077e+01  -3.8669231e+01  -7.1307692e+00   2.5096538e+02   2.3080769e+01   2.3973077e+01  -1.7580769e+01  -9.4692308e+00  -1.7226923e+01  -9.5730769e+00   1.5507692e+01  -3.7884615e+00   4.9615385e+00   1.8919231e+01   1.1969231e+01  -2.5361538e+01  -2.5784615e+01  -2.3588462e+01
   9.6807692e+00   2.4065385e+01   1.5592308e+01   1.4676923e+01  -1.6869231e+01   1.3488462e+01  -1.1942308e+01  -1.1442308e+01  -1.1353846e+01  -6.7500000e+00  -5.0811538e+01   8.8923077e+00   8.5307692e+00   3.0603846e+01  -6.0538462e+00  -3.5626923e+01  -3.2184615e+01  -4.2500000e+01  -1.8080769e+01   4.1461538e+00   4.6807692e+00   1.1392308e+01  -2.4653846e+00  -1.2911538e+01  -4.3846154e+00  -1.4800000e+01  -2.0061538e+01   3.1957692e+01   9.4576923e+00   9.6423077e+00  -1.5346154e+01  -3.2946154e+01  -9.4384615e+00  -1.3361538e+01   2.3080769e+01   2.8081154e+02  -3.6038462e+00   1.0688462e+01  -5.3238462e+01  -1.5803846e+01   3.8461538e-03   1.1815385e+01  -5.7826923e+01   1.4230769e+00  -1.8811538e+01   3.7384615e+00  -4.8230769e+00  -3.1692308e+00  -4.6269231e+00
  -3.2269231e+00   1.3311538e+01  -1.2530769e+01  -7.8923077e+00   2.0623077e+01   4.5038462e+00   2.3980769e+01  -9.5192308e+00  -3.2153846e+00   4.1250000e+01   6.0384615e-01   1.3369231e+01  -1.3176923e+01  -2.6534615e+01  -1.0315385e+01  -4.5769231e-01  -2.8938462e+01  -9.5000000e+00  -7.9730769e+00  -2.7153846e+00   3.0773077e+01   5.8692308e+00  -1.5511538e+01   4.3038462e+00  -1.7538462e+01  -2.1400000e+01  -2.6461538e+00   1.1680769e+01   1.8180769e+01  -9.8807692e+00   2.4115385e+01  -4.1684615e+01  -3.4853846e+01  -5.4615385e-01   2.3973077e+01  -3.6038462e+00   2.8253462e+02  -4.2896154e+01  -2.9253846e+01  -4.3065385e+01  -3.8334615e+01  -5.9384615e+00  -9.0576923e+00   4.1923077e+00  -6.3961538e+00  -7.2461538e+00  -3.4392308e+01   3.7230769e+00   1.0542308e+01
  -1.2180769e+01   3.2434615e+01   2.7407692e+01   3.5323077e+01  -1.8130769e+01  -6.6988462e+01  -6.2557692e+01   2.0942308e+01   1.3353846e+01  -3.1750000e+01  -3.4688462e+01  -4.8892308e+01   2.5469231e+01   1.7896154e+01   1.8053846e+01   8.1269231e+00  -8.8153846e+00  -2.4500000e+01   2.5807692e+00  -1.3146154e+01  -2.8180769e+01  -2.3923077e+00  -1.4034615e+01  -2.6588462e+01  -1.6615385e+01   3.9800000e+01  -5.4938462e+01   9.5423077e+00   3.8042308e+01   1.9857692e+01  -6.6538462e+00   1.6946154e+01  -1.3561538e+01  -1.7638462e+01  -1.7580769e+01   1.0688462e+01  -4.2896154e+01   3.3281154e+02  -1.1761538e+01  -1.9696154e+01  -5.4503846e+01   1.0184615e+01  -8.6730769e+00  -1.1423077e+01  -3.4688462e+01   3.3261538e+01  -8.1769231e+00  -4.8307692e+00   1.3126923e+01
  -3.0669231e+01  -3.7284615e+01  -1.0769231e-01  -3.1230769e+00  -3.9569231e+01   8.6384615e+00  -1.6192308e+01   6.8076923e+00   8.2461538e+00   6.5000000e+00   1.4238462e+01  -6.7076923e+00  -2.2369231e+01  -2.1746154e+01   1.1646154e+01   3.5023077e+01   6.2153846e+00   3.0000000e+00   7.4692308e+00  -8.7538462e+00  -4.0669231e+01  -1.7076923e+00  -9.1538462e-01  -8.5615385e+00   1.6153846e+00  -6.4000000e+00   3.2738462e+01   1.4007692e+01  -3.0992308e+01  -1.2207692e+01   1.3153846e+01   1.9353846e+01   2.1261538e+01  -3.6615385e+00  -9.4692308e+00  -5.3238462e+01  -2.9253846e+01  -1.1761538e+01   2.4786154e+02   9.1461538e+00  -2.5461538e+00  -3.3784615e+01  -1.3576923e+01  -3.1076923e+01  -1.2761538e+01  -2.0861538e+01   1.0876923e+01   1.7030769e+01   2.3076923e-02
  -1.2626923e+01   1.4911538e+01  -9.3307692e+00   3.9076923e+00  -1.1769231e+00   2.1038462e+00  -5.0192308e+00  -2.0519231e+01   2.1846154e+00   2.5000000e-01   2.8038462e+00  -3.0307692e+00   3.2230769e+00   2.0653846e+00  -2.3515385e+01   2.1142308e+01   4.6615385e+00   3.5500000e+01  -1.7730769e+00  -2.6315385e+01  -1.7626923e+01  -3.2530769e+01  -1.7311538e+01  -1.3296154e+01   1.3461538e+01  -2.4800000e+01  -3.2446154e+01  -1.2119231e+01  -4.2619231e+01  -1.3280769e+01   6.1153846e+00   2.4515385e+01  -8.0538462e+00   6.2538462e+00  -1.7226923e+01  -1.5803846e+01  -4.3065385e+01  -1.9696154e+01   9.1461538e+00   2.9773462e+02   2.7465385e+01  -1.9338462e+01  -3.9057692e+01  -4.8076923e+00  -8.1961538e+00  -1.0646154e+01   3.8407692e+01  -4.4769231e+00  -3.7857692e+01
   4.0269231e+00  -1.7511538e+01  -2.0869231e+01   7.2923077e+00   2.9769231e+00  -1.7038462e+00   1.5019231e+01  -8.4807692e+00  -5.5846154e+00   1.5750000e+01   2.5996154e+01   3.1430769e+01   2.3769231e+00  -6.6653846e+00   3.7153846e+00   8.2576923e+00   5.7384615e+00   2.3500000e+01  -3.5426923e+01  -3.1084615e+01  -1.4973077e+01  -2.0069231e+01  -8.8884615e+00   1.2896154e+01  -1.7461538e+01  -1.2800000e+01  -1.7538462e+00   5.9192308e+00  -1.7580769e+01  -4.2319231e+01  -2.1115385e+01  -3.7153846e+00  -1.7461538e+00   2.5946154e+01  -9.5730769e+00   3.8461538e-03  -3.8334615e+01  -5.4503846e+01  -2.5461538e+00   2.7465385e+01   2.9773462e+02  -2.8261538e+01   1.0576923e+00  -1.3192308e+01  -6.0038462e+00  -2.1953846e+01   1.5792308e+01  -7.3230769e+00  -6.6742308e+01
   3.6707692e+01   4.5538462e+00   7.2307692e-01  -1.2030769e+01  -1.0892308e+01   9.7846154e+00  -9.2307692e-01  -1.9923077e+01  -2.4938462e+01  -5.8000000e+01   2.0184615e+01   8.3230769e+00   7.9076923e+00   7.9384615e+00   2.6661538e+01  -2.2369231e+01   1.2553846e+01  -9.0000000e+00  -1.3507692e+01  -4.9384615e+00  -5.0292308e+01  -1.6769231e+00  -2.8353846e+01  -7.0153846e+00   7.1538462e+00  -9.6000000e+00  -1.4815385e+01   1.6876923e+01   4.4876923e+01  -4.6769231e+00  -2.2461538e+01  -2.5661538e+01  -2.6184615e+01  -1.5415385e+01   1.5507692e+01   1.1815385e+01  -5.9384615e+00   1.0184615e+01  -3.3784615e+01  -1.9338462e+01  -2.8261538e+01   3.2455385e+02   1.5230769e+01  -4.3769231e+01   2.3184615e+01   1.7784615e+01  -3.0769231e-02  -2.8492308e+01  -9.2369231e+01
   3.3211538e+01   2.9807692e+00  -6.1153846e+00  -2.8461538e+00   7.9615385e+00   9.3269231e+00  -3.4134615e+01  -2.6346154e+00   2.6923077e+00  -1.9250000e+01   1.3826923e+01   7.3846154e+00  -3.8461538e-02   3.0576923e+00   3.1923077e+00  -3.4403846e+01  -1.7769231e+01   1.2500000e+01   5.7884615e+00   3.1192308e+01  -7.8846154e-01  -2.9115385e+01   1.4019231e+01   3.3269231e+00   2.2307692e+00   2.2000000e+01   1.1076923e+01  -3.4634615e+01   8.8653846e+00  -2.3653846e+00  -2.0192308e+01  -1.7192308e+01   1.4230769e+00   1.8576923e+01  -3.7884615e+00  -5.7826923e+01  -9.0576923e+00  -8.6730769e+00  -1.3576923e+01  -3.9057692e+01   1.0576923e+00   1.5230769e+01   2.6459615e+02  -5.0653846e+01  -1.9173077e+01  -5.3923077e+01  -1.6346154e+01  -2.5384615e+00   2.0596154e+01
   1.2961538e+01  -4.2692308e+00  -1.6615385e+01  -4.5846154e+01   9.4615385e+00   6.5769231e+00   4.1153846e+00  -1.5884615e+01  -2.2307692e+01   4.5000000e+00  -1.9423077e+01  -7.6153846e+00   5.4615385e+00   2.4807692e+01  -2.5307692e+01  -7.6538462e+00   8.2307692e+00  -4.0000000e+00   7.0384615e+00  -8.3076923e+00   3.8961538e+01   1.0384615e+01   3.0269231e+01   1.1576923e+01   3.2307692e+00  -2.6000000e+01   2.8076923e+01  -2.0884615e+01  -2.8884615e+01  -2.0115385e+01   4.3076923e+00  -6.9230769e-01  -5.0769231e+00  -9.2307692e-01   4.9615385e+00   1.4230769e+00   4.1923077e+00  -1.1423077e+01  -3.1076923e+01  -4.8076923e+00  -1.3192308e+01  -4.3769231e+01  -5.0653846e+01   2.2684615e+02  -7.4230769e+00  -2.3923077e+01   2.5153846e+01  -1.2538462e+01   3.6346154e+01
   3.1923077e-01   2.2934615e+01  -1.9592308e+01  -1.7676923e+01  -3.2130769e+01  -3.1488462e+01   6.2942308e+01   1.5442308e+01   2.3538462e+00  -3.9250000e+01   1.2811538e+01  -1.2892308e+01  -1.0530769e+01  -8.6038462e+00   2.4053846e+01  -2.6373077e+01  -1.0815385e+01  -2.9500000e+01  -2.2919231e+01  -2.1146154e+01   3.4319231e+01  -8.3923077e+00   2.3465385e+01   2.0911538e+01   6.3846154e+00  -2.3200000e+01   4.0615385e+00   1.9042308e+01  -3.5457692e+01  -2.8642308e+01  -3.9653846e+01   9.9461538e+00  -8.5615385e+00   8.3615385e+00   1.8919231e+01  -1.8811538e+01  -6.3961538e+00  -3.4688462e+01  -1.2761538e+01  -8.1961538e+00  -6.0038462e+00   2.3184615e+01  -1.9173077e+01  -7.4230769e+00   2.7481154e+02  -3.7384615e+00   4.8230769e+00  -1.1830769e+01  -1.3373077e+01
  -2.5830769e+01   1.2784615e+01   3.5107692e+01   1.2307692e-01   6.5692308e+00  -4.1384615e+00   7.6923077e+00   1.3692308e+01  -1.4246154e+01  -2.2000000e+01  -2.0738462e+01  -8.2923077e+00   3.3692308e+00  -1.4753846e+01  -1.6646154e+01  -1.4523077e+01   7.7846154e+00  -3.0000000e+01  -2.2969231e+01  -4.2246154e+01   7.1692308e+00  -1.3292308e+01  -2.5584615e+01  -1.3938462e+01  -2.6615385e+01   6.4000000e+00   1.0261538e+01   3.8492308e+01   3.4923077e+00  -5.2923077e+00   1.3846154e+01   2.8646154e+01  -2.8261538e+01  -3.3384615e+00   1.1969231e+01   3.7384615e+00  -7.2461538e+00   3.3261538e+01  -2.0861538e+01  -1.0646154e+01  -2.1953846e+01   1.7784615e+01  -5.3923077e+01  -2.3923077e+01  -3.7384615e+00   2.7086154e+02  -2.6876923e+01  -7.0307692e+00  -2.0523077e+01
  -2.8761538e+01   3.1469231e+01   9.0153846e+00   4.4461538e+00   3.9384615e+00  -3.3769231e+00  -3.1115385e+01   5.8846154e+00  -3.1892308e+01  -1.8500000e+01   4.8230769e+00  -5.1846154e+00  -3.6615385e+00  -1.3607692e+01  -3.1092308e+01   4.8538462e+00  -3.0307692e+00   1.4000000e+01   1.7361538e+01   1.1107692e+01  -2.8761538e+01  -3.0184615e+01  -4.0869231e+01   1.7223077e+01  -1.3230769e+01  -8.0000000e-01   2.3323077e+01  -2.3715385e+01  -1.7153846e+00   3.3153846e+00  -4.8307692e+01   2.5092308e+01   1.6769231e+00   5.5230769e+00  -2.5361538e+01  -4.8230769e+00  -3.4392308e+01  -8.1769231e+00   1.0876923e+01   3.8407692e+01   1.5792308e+01  -3.0769231e-02  -1.6346154e+01   2.5153846e+01   4.8230769e+00  -2.6876923e+01   2.4044615e+02   9.1384615e+00  -3.8146154e+01
   2.2815385e+01   2.0507692e+01   1.6246154e+01  -4.0861538e+01   1.4015385e+01   1.3969231e+01  -1.8846154e+01  -2.1846154e+01   2.8723077e+01   1.2000000e+01   7.1692308e+00  -3.9538462e+00  -1.5584615e+01  -1.5723077e+01   5.2307692e-01  -2.4338462e+01   4.5076923e+00   8.0000000e+00  -1.1215385e+01  -2.9276923e+01  -3.5184615e+01  -6.9538462e+00  -9.9076923e+00   2.2569231e+01  -1.7692308e+01  -2.7800000e+01   1.6169231e+01   1.2553846e+01  -3.1446154e+01  -4.7953846e+01  -1.4923077e+01   5.5476923e+01  -1.8169231e+01  -2.0630769e+01  -2.5784615e+01  -3.1692308e+00   3.7230769e+00  -4.8307692e+00   1.7030769e+01  -4.4769231e+00  -7.3230769e+00  -2.8492308e+01  -2.5384615e+00  -1.2538462e+01  -1.1830769e+01  -7.0307692e+00   9.1384615e+00   3.3421538e+02  -8.1338462e+01
  -4.3884615e+00  -3.5619231e+01  -2.0315385e+01   3.5384615e-01  -1.3238462e+01  -1.0273077e+01  -1.2134615e+01  -7.6346154e+00  -6.7076923e+00   2.4750000e+01  -1.7373077e+01  -1.0215385e+01   5.6153846e-01   3.4576923e+00  -3.8607692e+01   2.2996154e+01  -1.3692308e+00   2.0500000e+01   2.3588462e+01   3.3792308e+01   1.5611538e+01   3.1284615e+01   3.0819231e+01   1.5926923e+01   1.0230769e+01   4.0400000e+01   3.8769231e+00  -3.7834615e+01  -3.3461538e-01   1.1034615e+01   2.0807692e+01  -1.1392308e+01   1.8623077e+01   2.7769231e+00  -2.3588462e+01  -4.6269231e+00   1.0542308e+01   1.3126923e+01   2.3076923e-02  -3.7857692e+01  -6.6742308e+01  -9.2369231e+01   2.0596154e+01   3.6346154e+01  -1.3373077e+01  -2.0523077e+01  -3.8146154e+01  -8.1338462e+01   2.4299615e+02
