   9.7568569e+03  -6.4955125e+02   9.1736692e+02  -8.1818596e+02  -7.8720301e+01  -6.1263910e+02  -6.2679950e+02   2.9919085e+02  -6.2598258e+02   8.2338496e+02  -6.2856617e+02  -6.6175727e+02   6.7860652e+01   1.5798162e+03   3.7680338e+02  -7.5024612e+02  -8.1402018e+02  -1.0284912e+02  -1.4286867e+02  -7.6214160e+01   5.2480890e+02   2.3689110e+02  -4.0927531e+02  -1.0540784e+03   5.4731980e+02  -8.0359787e+02  -1.6620472e+03   6.4264148e+02   7.5906792e+02  -1.3518509e+03  -1.1496331e+03  -3.4463446e+02  -5.0334511e+02  -3.7039524e+02   1.0757619e+02   1.0198827e+03   2.3274850e+02  -4.3362268e+02  -1.4569607e+03  -2.0360728e+03  -2.7561767e+02   8.0156115e+02   7.2073083e+02   1.6623541e+03   2.8019987e+02  -6.1719586e+02  -1.0458524e+03  -7.6585213e+00  -2.2786516e+02
  -6.4955125e+02   1.3546662e+04   2.2611060e+03   5.2547018e+02  -1.1560872e+03  -9.9833835e+02   4.1014536e+02   1.2154221e+03   9.7526378e+01   1.6243910e+02  -7.6637970e+01  -8.6718277e+02  -7.9521103e+02  -7.2148703e+02  -1.1102438e+03  -1.6539734e+03  -9.5537588e+02  -9.6614561e+02  -8.7621479e+02  -2.2658315e+03  -1.7120448e+03  -2.6780520e+02  -1.5782659e+03  -1.9889937e+02  -1.5189581e+03  -1.3076572e+03  -1.0306255e+03  -2.3799618e+02   1.4067467e+03   6.2199561e+02  -6.6289398e+02  -6.0006873e+02  -5.9593271e+02  -1.8719690e+03   5.4254524e+02   1.6950850e+03   1.6403889e+03   1.3516973e+03  -1.3742390e+03   5.4136096e+02  -1.7293491e+03   5.5318434e+02  -2.1576015e+02  -2.5215075e+02   1.0188387e+03   5.0862425e+02   9.4575952e+02   3.9915382e+02  -1.1669972e+03
   9.1736692e+02   2.2611060e+03   1.6107119e+04   1.1942526e+03  -1.2896226e+03  -9.6993233e+02  -2.4696241e+02  -2.6933609e+02   3.2185639e+02   1.1402722e+03   1.4314376e+03  -5.4214511e+02  -1.1148511e+03  -8.2993759e+02  -7.1779624e+02  -1.1352586e+03  -1.0619632e+03   3.4711579e+02  -5.1055038e+02  -1.7461120e+03  -1.4975827e+03   8.0178271e+02  -1.2212985e+03  -1.1785835e+03  -3.9461504e+02  -1.4637902e+03  -2.4001932e+03   4.6766090e+02  -1.4400602e+02   2.2768421e+02  -4.3788120e+02  -1.3719346e+03  -1.6641835e+03  -1.2079429e+03   8.8131429e+02   1.0570030e+03  -3.2501278e+02   1.8642489e+03  -8.6774887e+02  -1.3179105e+03   6.9624812e+01   3.5186466e+01   2.8821203e+02  -6.6873985e+02  -5.9325940e+02   5.6996015e+02  -2.1482857e+02  -4.0113910e+02  -1.5466872e+03
  -8.1818596e+02   5.2547018e+02   1.1942526e+03   1.1700014e+04  -5.6246316e+02  -5.7921053e+02  -5.7122807e+02   3.1211228e+02   4.4942456e+02   6.0464211e+02   8.9390526e+02   2.0960702e+02  -1.1043965e+03  -1.3690526e+02   7.9561053e+02   3.1138246e+02  -8.2547018e+02  -1.6104912e+02  -1.2425544e+03  -8.4840702e+02  -5.6129825e+02   1.1606982e+03  -7.5678246e+02  -3.5207018e+01  -9.6870877e+02  -1.8921193e+03  -1.3665544e+03  -9.9522807e+01   2.0083965e+03   5.0164912e+02   1.7725263e+02  -7.9027018e+02  -1.6420737e+03  -1.3192667e+03  -7.5546667e+02   5.9296842e+02  -8.3211579e+02   1.2864702e+03  -8.8035088e+00  -3.8252281e+02   1.0151895e+03  -7.5062456e+02  -9.4272632e+02  -7.5523158e+02  -4.3519298e+02  -2.8183158e+02   3.3453333e+02  -4.9012281e+02  -5.4295088e+02
  -7.8720301e+01  -1.1560872e+03  -1.2896226e+03  -5.6246316e+02   1.2372427e+04   3.2051880e+02  -3.8704511e+02  -1.3802767e+03  -1.0688677e+03  -2.7304662e+02   6.7554887e+01   8.5625414e+02   5.5494135e+02   2.9544511e+02  -1.8200451e+02  -1.5804962e+02  -1.1984842e+03   3.8162105e+02   6.6458045e+02   5.9157444e+02   6.7769925e+02  -3.8789925e+02   1.0067820e+02  -1.2507398e+03  -1.2051820e+03  -3.9349173e+02  -8.0784812e+02   2.3966917e+01   1.5144872e+03   1.7357895e+02  -2.9762256e+02  -2.0857985e+03  -5.3013985e+02  -1.9762857e+02   4.9554286e+02   5.6875639e+02   5.8053534e+02  -5.2765865e+02  -7.6234135e+02  -1.3727474e+03   4.2689023e+02   5.2989624e+02  -1.2517444e+02  -5.4907218e+02  -1.1934887e+03  -3.4727218e+02  -9.7688571e+02   8.6976692e+02  -5.5133534e+02
  -6.1263910e+02  -9.9833835e+02  -9.6993233e+02  -5.7921053e+02   3.2051880e+02   9.7194436e+03   4.8413534e+02  -1.1579699e+03  -3.5479699e+02  -8.0306015e+02  -8.5686466e+02   9.2037594e+01   7.3637594e+02  -6.6713534e+02   2.3241353e+02   3.3754887e+02  -6.2294737e+02  -9.2826316e+02  -6.2354135e+02   6.8667669e+02  -6.6609774e+02   5.4409774e+02   8.7916541e+02  -2.3618045e+02  -1.2106541e+03  -1.1889248e+03  -2.0625564e+02   8.9699248e+01  -7.1766165e+02  -4.8673684e+02  -2.7093233e+02  -6.9580451e+02   7.9819549e+01  -4.5714286e+01   1.3845714e+03   5.7233083e+02  -7.6406015e+01  -1.8816241e+03   3.5362406e+02  -1.0415789e+02   2.3672932e+02  -1.0848872e+02   4.2032331e+02   1.9461654e+02  -1.1453383e+02  -8.0383459e+01  -1.3614286e+02   3.6569925e+02  -2.1593985e+01
  -6.2679950e+02   4.1014536e+02  -2.4696241e+02  -5.7122807e+02  -3.8704511e+02   4.8413534e+02   9.6047419e+03  -5.5538847e+01  -9.9220551e+01  -1.2225564e+02   5.8007519e+02   3.7824311e+02  -1.3082356e+03  -2.5507519e+02   6.3007519e+01   3.8174937e+02  -1.4685965e+02  -1.3597018e+03  -9.2363409e+02  -3.5495739e+02   3.7816792e+02   5.5583208e+02   2.5053634e+02   7.1489975e+02   3.1830326e+02  -6.1784712e+02   1.6308020e+02   1.0738847e+02  -3.1947870e+02  -8.7629825e+02   3.1037594e+01   4.7899749e+02   6.3623308e+02  -9.3952381e+01   5.6976190e+02  -5.8759398e+02  -3.3225564e+01  -9.4056892e+02   3.4123559e+02  -1.2627544e+03  -1.0961504e+03  -1.2014937e+03  -7.3237594e+02   4.6812030e+02   8.7381454e+02   6.2612030e+02  -1.3655238e+03  -6.1161153e+02  -5.9444110e+02
   2.9919085e+02   1.2154221e+03  -2.6933609e+02   3.1211228e+02  -1.3802767e+03  -1.1579699e+03  -5.5538847e+01   1.3016809e+04   8.3445006e+02   7.9356541e+02   2.5477782e+02  -8.5041172e+02  -7.4560050e+02   2.4334718e+02   2.0474378e+03  -1.0522607e+02  -2.1961364e+03  -1.1908930e+03  -3.7807794e+02   7.9797431e+01   9.8631046e+02  -9.3186046e+02  -1.4865632e+03  -9.4162043e+02  -7.1288446e+02   7.9313490e+02  -8.4823866e+02   2.5008540e+02   8.9636216e+01  -1.5565570e+03  -1.5143361e+03  -1.0749293e+03   7.8894624e+02   1.1513310e+03  -2.0235548e+03  -3.0609774e+01  -1.4194085e+03  -7.0904217e+02  -4.7074950e+02   7.7044254e+02   1.3069361e+01  -4.8738935e+02  -2.2273910e+02   1.6725451e+02  -3.2490288e+01   2.1307951e+02   1.8996595e+03  -1.0846460e+02  -8.1024987e+02
  -6.2598258e+02   9.7526378e+01   3.2185639e+02   4.4942456e+02  -1.0688677e+03  -3.5479699e+02  -9.9220551e+01   8.3445006e+02   1.3902361e+04   3.3048165e+03  -4.9043722e+02  -1.5177270e+03  -1.6338867e+03  -1.2584378e+03   1.4052363e+03   1.8289073e+02   9.0690219e+02   7.9151404e+02  -1.2494845e+03  -1.5155444e+03  -1.9907898e+03  -9.6036021e+02  -2.1969372e+03  -8.0633371e+02   3.4298822e+02   7.2583766e+02  -1.0057880e+03  -5.4572563e+02  -1.7889347e+03  -8.8536404e+02  -1.1611436e+03  -1.3262093e+01  -9.3930038e+02   1.7025476e+02  -5.7397381e+02  -3.6749098e+02  -8.3516335e+02  -7.5079505e+02   9.2233672e+02   8.5106009e+02   1.3849944e+02  -1.6535727e+02  -2.2863910e+01  -1.4759695e+03  -7.2731986e+02  -1.2037445e+03   1.4730976e+03   8.5212437e+02   1.5771679e+01
   8.2338496e+02   1.6243910e+02   1.1402722e+03   6.0464211e+02  -2.7304662e+02  -8.0306015e+02  -1.2225564e+02   7.9356541e+02   3.3048165e+03   1.2719269e+04   1.3623444e+03  -5.3669323e+02  -1.8275323e+03  -1.2473444e+03   7.1574436e+01   6.3331880e+02   1.8569895e+03   2.0222526e+03  -1.2057744e+02  -1.7744782e+03  -1.1220376e+03  -8.9516241e+02  -5.7069023e+02   1.2820752e+02  -2.6749774e+02  -4.6938647e+02  -8.6500602e+02  -4.2145414e+02  -8.2303910e+02  -1.4620526e+03  -1.4837278e+03  -1.1213248e+03  -5.7919248e+02  -8.2562857e+02  -9.6445714e+02  -5.4598045e+02   1.5016692e+02  -8.9913233e+02  -8.5386767e+02   1.8583158e+02  -6.2168872e+02  -1.8127880e+03  -6.9712180e+02   5.0819098e+02  -1.0854361e+03  -6.7100902e+02   3.1511429e+02   1.3463459e+03  -2.0896692e+02
  -6.2856617e+02  -7.6637970e+01   1.4314376e+03   8.9390526e+02   6.7554887e+01  -8.5686466e+02   5.8007519e+02   2.5477782e+02  -4.9043722e+02   1.3623444e+03   1.1982175e+04   8.8725977e+02  -1.2965023e+03  -1.8669252e+03  -6.3294248e+02  -1.2151173e+03  -5.6076316e+01   2.0408316e+03   7.2809925e+02  -4.6857406e+02   6.5084586e+01   1.5521541e+02  -8.0614699e+02   2.0993308e+02   4.5156992e+02  -8.6023045e+02   6.7063534e+01   7.6171805e+01   3.9928797e+02   1.2968684e+03  -8.6356241e+02  -9.5431917e+02  -1.4314669e+03  -4.4598571e+02  -1.4226714e+03  -1.1843940e+03  -1.2240756e+03  -1.4668523e+03  -3.9839774e+02   6.9302895e+02   4.8889962e+02  -3.8492707e+02  -4.4377594e+02  -2.3157970e+02   3.6973120e+02  -7.5252970e+02   4.0104286e+02  -1.5852820e+02  -1.0509744e+03
  -6.6175727e+02  -8.6718277e+02  -5.4214511e+02   2.0960702e+02   8.5625414e+02   9.2037594e+01   3.7824311e+02  -8.5041172e+02  -1.5177270e+03  -5.3669323e+02   8.8725977e+02   1.2690200e+04   1.5508160e+03  -4.8088477e+02  -1.8144340e+03  -5.8856591e+02   4.4039912e+01   2.1087544e+02   4.3359424e+02   6.4855721e+02  -1.3965598e+03  -1.4768902e+03  -8.1700194e+02   1.9290363e+02   4.1520276e+02  -5.6439179e+02   1.5411209e+02  -6.4255783e+02   1.2429110e+02   2.9557456e+02   7.0085489e+02  -1.3907387e+03  -2.8329699e+01  -7.9114048e+02  -8.5639762e+02  -1.0031872e+03   2.2179568e+02  -7.0957563e+02   5.5153396e+02   5.5751360e+02   2.1355451e+01   3.8230915e+02   3.9455113e+02  -5.8019436e+02  -5.7943578e+02  -1.0715194e+03  -3.1975476e+02  -5.6700783e+02  -9.2304010e+01
   6.7860652e+01  -7.9521103e+02  -1.1148511e+03  -1.1043965e+03   5.5494135e+02   7.3637594e+02  -1.3082356e+03  -7.4560050e+02  -1.6338867e+03  -1.8275323e+03  -1.2965023e+03   1.5508160e+03   1.2317094e+04   4.2150226e+02  -1.3378902e+03  -5.7612581e+02  -4.2921754e+02  -1.6511228e+02   9.6187569e+02   2.4883554e+03  -1.2576817e+03  -1.7171183e+03   2.3549724e+02   3.6566967e+02  -4.3905764e+01   9.3029875e+02   1.5130426e+02   1.0380501e+02  -7.4552231e+02   2.8391228e+02  -2.5785113e+02  -6.3490326e+02   3.9440301e+02   4.7796190e+02   4.7904762e+00  -3.2507218e+02  -1.2406932e+03  -1.7576396e+03  -9.0169373e+02   1.7351930e+02   3.9900451e+02   4.6385815e+02   5.0691128e+02  -3.0224361e+02   4.0455890e+02  -4.6804361e+02  -8.1778095e+02  -2.7199499e+02  -1.6217343e+02
   1.5798162e+03  -7.2148703e+02  -8.2993759e+02  -1.3690526e+02   2.9544511e+02  -6.6713534e+02  -2.5507519e+02   2.4334718e+02  -1.2584378e+03  -1.2473444e+03  -1.8669252e+03  -4.8088477e+02   4.2150226e+02   1.2814300e+04   2.9756748e+02   5.9611729e+02  -4.8179868e+02  -7.1331579e+01  -1.1025992e+03   3.7669906e+02   1.7215404e+03   6.5140959e+02   4.2377199e+02  -1.5361831e+03  -8.5069925e+01  -8.7689455e+02   3.0406147e+02   6.7045320e+02   7.7046203e+02  -1.3886184e+03  -6.3193759e+02   1.5719417e+02  -2.5283083e+01  -1.3032643e+03   5.1942143e+02   1.4768940e+03  -1.4550494e+03  -6.1702274e+02  -2.7063523e+03  -1.0509039e+03  -2.6427462e+02   8.8567707e+02  -3.7272406e+02   1.7482970e+02   9.8439380e+02  -1.1150953e+03  -1.6337929e+03  -3.7159680e+02   6.9847444e+02
   3.7680338e+02  -1.1102438e+03  -7.1779624e+02   7.9561053e+02  -1.8200451e+02   2.3241353e+02   6.3007519e+01   2.0474378e+03   1.4052363e+03   7.1574436e+01  -6.3294248e+02  -1.8144340e+03  -1.3378902e+03   2.9756748e+02   1.2471326e+04   7.2570827e+02  -2.0232763e+02  -1.3846368e+03  -1.2223301e+03  -9.1643741e+02   7.4200846e+02   1.2166415e+03  -1.2960547e+03  -7.3532669e+02  -4.6790301e+02  -1.2597430e+03  -1.4941336e+03   1.7809718e+02   7.5706880e+02   3.7598684e+02  -8.1779624e+02  -1.7970919e+03  -5.7602669e+02  -1.0092786e+03   3.1809286e+02  -4.3659398e+01  -3.3994756e+02  -1.4856523e+02  -1.8605977e+02  -9.5111711e+02  -5.3990038e+01   1.1648673e+03   1.0926241e+02  -1.3495380e+03   1.0163731e+03  -5.1201297e+02   1.9164286e+01  -2.5225282e+02  -1.0774436e+00
  -7.5024612e+02  -1.6539734e+03  -1.1352586e+03   3.1138246e+02  -1.5804962e+02   3.3754887e+02   3.8174937e+02  -1.0522607e+02   1.8289073e+02   6.3331880e+02  -1.2151173e+03  -5.8856591e+02  -5.7612581e+02   5.9611729e+02   7.2570827e+02   1.1237458e+04  -2.3122807e+00  -9.9883860e+02  -8.8446416e+02  -2.3451980e+02  -3.6448622e+01  -7.0615138e+02   3.3856642e+01  -5.0017694e+02  -5.7409975e+02  -8.5846516e+02   4.1582155e+02  -2.8213935e+02  -1.4901599e+03  -1.9155614e+03  -4.7425865e+02   1.3070306e+03   2.0195639e+02   1.1150190e+03  -6.0389524e+02  -5.2275338e+02  -1.8050481e+03   5.5074085e+02   1.7839258e+03   7.5200351e+02   6.4323459e+02  -1.0563764e+03  -2.3661353e+02  -2.0166767e+02  -7.1293734e+02  -2.5826767e+02   3.4939048e+02   3.5326065e+02   6.1398145e+02
  -8.1402018e+02  -9.5537588e+02  -1.0619632e+03  -8.2547018e+02  -1.1984842e+03  -6.2294737e+02  -1.4685965e+02  -2.1961364e+03   9.0690219e+02   1.8569895e+03  -5.6076316e+01   4.4039912e+01  -4.2921754e+02  -4.8179868e+02  -2.0232763e+02  -2.3122807e+00   1.0814376e+04   9.2114561e+02   3.5207193e+02  -1.1837399e+03  -1.1503838e+03  -6.9676623e+02  -6.5416272e+02   1.1851851e+03   1.0932439e+03   1.7437149e+02   2.0019693e+02  -1.3508610e+03  -1.4720325e+03   7.1000439e+02   1.3160368e+03   1.2409259e+03   1.0662184e+03  -7.3031667e+02  -9.5311667e+02  -1.6159421e+03  -6.4124605e+02  -1.4412588e+02   6.5866754e+02   7.2663904e+02   9.0777632e+01  -6.1732719e+02   2.9933158e+02  -8.1499211e+02  -1.3174101e+03  -3.7176711e+02  -6.8461667e+02   1.3729890e+03   3.7085439e+02
  -1.0284912e+02  -9.6614561e+02   3.4711579e+02  -1.6104912e+02   3.8162105e+02  -9.2826316e+02  -1.3597018e+03  -1.1908930e+03   7.9151404e+02   2.0222526e+03   2.0408316e+03   2.1087544e+02  -1.6511228e+02  -7.1331579e+01  -1.3846368e+03  -9.9883860e+02   9.2114561e+02   1.3375172e+04   1.1049404e+03   1.2792456e+02  -8.2395614e+02  -8.8644386e+02  -2.1626140e+02   4.2245614e+00   7.8448070e+02  -1.0508246e+02  -6.5555965e+02  -9.8517018e+02  -1.3608877e+03   4.6022807e+02   3.5911579e+02  -4.6705439e+02  -9.8124211e+02  -9.6406667e+02  -1.1018667e+03  -1.6893895e+03  -2.9559474e+02  -1.5711456e+03  -7.9768772e+02  -6.8617018e+02   7.0983684e+02   2.3218596e+02  -4.9495789e+02   2.6781053e+02  -4.9932456e+02  -6.8308947e+02  -2.7086667e+02   2.8342982e+02   6.4982807e+02
  -1.4286867e+02  -8.7621479e+02  -5.1055038e+02  -1.2425544e+03   6.6458045e+02  -6.2354135e+02  -9.2363409e+02  -3.7807794e+02  -1.2494845e+03  -1.2057744e+02   7.2809925e+02   4.3359424e+02   9.6187569e+02  -1.1025992e+03  -1.2223301e+03  -8.8446416e+02   3.5207193e+02   1.1049404e+03   1.3131470e+04   9.0486291e+02  -1.7525050e+03  -2.1042950e+03  -5.8037870e+02  -8.7465664e+01   6.0085363e+02   2.3733551e+03   8.7511253e+02  -1.2249206e+03  -1.2990185e+03  -3.9714035e+02   5.3449624e+01   6.4124336e+02   1.0342677e+03   3.1367619e+02  -1.9717810e+03  -1.4178241e+03  -6.2999774e+02  -4.2935764e+02  -3.5947569e+02   1.4326509e+03  -1.4369850e+02  -5.3375840e+02  -5.8709624e+02  -6.4928120e+02  -1.5330915e+03   3.4141880e+02   6.1236190e+02   1.2722794e+03  -2.3636892e+02
  -7.6214160e+01  -2.2658315e+03  -1.7461120e+03  -8.4840702e+02   5.9157444e+02   6.8667669e+02  -3.5495739e+02   7.9797431e+01  -1.5155444e+03  -1.7744782e+03  -4.6857406e+02   6.4855721e+02   2.4883554e+03   3.7669906e+02  -9.1643741e+02  -2.3451980e+02  -1.1837399e+03   1.2792456e+02   9.0486291e+02   1.2142571e+04   5.1663127e+02  -2.3379813e+03   4.5167337e+02  -5.0981792e+02  -2.8151704e+02   1.6174061e+03   1.6495593e+03  -5.1599931e+02  -2.9317682e+02  -1.2155746e+03  -2.0311203e+02   3.7549580e+02   2.9581541e+02   6.3205476e+02  -7.1057381e+02  -3.3086992e+02  -7.6355282e+02  -1.3981529e+03  -1.2730539e+02  -2.4221360e+02  -4.5222688e+02  -9.7385201e+02   3.2042030e+02  -3.9474850e+02  -2.5763565e+02  -7.2723496e+01  -2.7950238e+02  -6.3493108e+00   4.0036115e+02
   5.2480890e+02  -1.7120448e+03  -1.4975827e+03  -5.6129825e+02   6.7769925e+02  -6.6609774e+02   3.7816792e+02   9.8631046e+02  -1.9907898e+03  -1.1220376e+03   6.5084586e+01  -1.3965598e+03  -1.2576817e+03   1.7215404e+03   7.4200846e+02  -3.6448622e+01  -1.1503838e+03  -8.2395614e+02  -1.7525050e+03   5.1663127e+02   1.4340856e+04   1.1383944e+03   6.2364505e+02  -3.8902945e+02  -1.3473672e+03  -1.0986613e+03   6.4154856e+02   1.3457704e+03   9.6500313e+02  -9.3293860e+01  -1.3535827e+03  -8.5191949e+02   2.0113722e+02   9.0184524e+02   2.0827381e+02   6.9720677e+02   9.0371241e+01  -1.7822234e+03  -1.4300683e+03  -1.6150154e+03   4.4395583e+02  -9.1776378e+02  -1.0867293e+02   1.5613853e+03   9.4333302e+02   3.9351034e+02  -1.7447976e+03  -1.2039796e+03  -9.8329574e+01
   2.3689110e+02  -2.6780520e+02   8.0178271e+02   1.1606982e+03  -3.8789925e+02   5.4409774e+02   5.5583208e+02  -9.3186046e+02  -9.6036021e+02  -8.9516241e+02   1.5521541e+02  -1.4768902e+03  -1.7171183e+03   6.5140959e+02   1.2166415e+03  -7.0615138e+02  -6.9676623e+02  -8.8644386e+02  -2.1042950e+03  -2.3379813e+03   1.1383944e+03   1.4279256e+04   1.3258049e+03  -1.1448706e+03  -3.0083283e+02  -2.3659887e+03  -1.8950986e+03   9.7707964e+02   1.4242969e+03   6.5179386e+02  -1.0862173e+03  -2.9530514e+01   7.6278195e-01  -7.2194524e+02   3.7542619e+02   4.3393233e+01   7.0157876e+02   1.1608734e+03  -1.1418317e+03  -1.8971346e+03  -9.6130583e+02   1.0764638e+03  -1.4527068e+01   4.4651466e+02   7.0391698e+02  -6.8596034e+02  -1.2635024e+03  -1.3312704e+03   3.0172957e+02
  -4.0927531e+02  -1.5782659e+03  -1.2212985e+03  -7.5678246e+02   1.0067820e+02   8.7916541e+02   2.5053634e+02  -1.4865632e+03  -2.1969372e+03  -5.7069023e+02  -8.0614699e+02  -8.1700194e+02   2.3549724e+02   4.2377199e+02  -1.2960547e+03   3.3856642e+01  -6.5416272e+02  -2.1626140e+02  -5.8037870e+02   4.5167337e+02   6.2364505e+02   1.3258049e+03   1.3870140e+04   5.7361266e+02  -7.0991454e+02  -7.1454555e+02  -1.2932513e+02  -1.3876928e+03  -8.1917581e+02  -3.0918860e+02   5.8701504e+01   6.7890157e+02  -6.0782068e+02   7.9604524e+02   8.4687381e+02  -8.6220376e+02   1.1418660e+03   4.8555576e+01  -1.3184724e+02  -1.5754785e+03  -8.2158102e+02  -5.9721642e+02   3.5088496e+02   1.7783748e+03   7.1949091e+02  -7.0530019e+02  -1.3651976e+03  -9.3324279e+02   1.1999757e+03
  -1.0540784e+03  -1.9889937e+02  -1.1785835e+03  -3.5207018e+01  -1.2507398e+03  -2.3618045e+02   7.1489975e+02  -9.4162043e+02  -8.0633371e+02   1.2820752e+02   2.0993308e+02   1.9290363e+02   3.6566967e+02  -1.5361831e+03  -7.3532669e+02  -5.0017694e+02   1.1851851e+03   4.2245614e+00  -8.7465664e+01  -5.0981792e+02  -3.8902945e+02  -1.1448706e+03   5.7361266e+02   1.1376589e+04   7.3524010e+02   1.3942239e+03   1.0129986e+03  -1.8501457e+03  -1.6068840e+03  -3.3232456e+02   2.1714165e+03   8.6134223e+02   7.8122556e+01   5.3147619e+01  -4.0793810e+02  -1.8371414e+03   7.4735075e+02  -1.8911366e+02  -1.9696742e+00  -3.0428860e+02  -8.7311617e+02  -1.1839306e+03   1.0250346e+03  -4.2572707e+02  -7.5224937e+01   5.9662293e+02  -8.3422381e+02  -4.6404574e+02   7.1663258e+02
   5.4731980e+02  -1.5189581e+03  -3.9461504e+02  -9.6870877e+02  -1.2051820e+03  -1.2106541e+03   3.1830326e+02  -7.1288446e+02   3.4298822e+02  -2.6749774e+02   4.5156992e+02   4.1520276e+02  -4.3905764e+01  -8.5069925e+01  -4.6790301e+02  -5.7409975e+02   1.0932439e+03   7.8448070e+02   6.0085363e+02  -2.8151704e+02  -1.3473672e+03  -3.0083283e+02  -7.0991454e+02   7.3524010e+02   1.0699079e+04   1.4052388e+03  -4.4293208e+02  -2.8245539e+02  -1.1208085e+03  -3.3028070e+02  -5.3615038e+01   1.8895010e+03   2.5750677e+02  -3.0181905e+02  -5.6750476e+02  -3.7076241e+02  -1.3680098e+03  -5.7067243e+02  -7.2649424e+02   8.2440175e+02   5.4636015e+02   2.7139749e+02  -1.0024962e+02  -1.0314481e+03  -8.8782581e+02  -4.4914812e+02  -2.5679048e+02  -5.2565539e+02   4.4237644e+02
  -8.0359787e+02  -1.3076572e+03  -1.4637902e+03  -1.8921193e+03  -3.9349173e+02  -1.1889248e+03  -6.1784712e+02   7.9313490e+02   7.2583766e+02  -4.6938647e+02  -8.6023045e+02  -5.6439179e+02   9.3029875e+02  -8.7689455e+02  -1.2597430e+03  -8.5846516e+02   1.7437149e+02  -1.0508246e+02   2.3733551e+03   1.6174061e+03  -1.0986613e+03  -2.3659887e+03  -7.1454555e+02   1.3942239e+03   1.4052388e+03   1.2835925e+04   2.1935159e+03  -9.0432400e+02  -7.7533446e+02  -1.6882675e+03   1.7020977e+02   8.6856435e+02   1.7475906e+03   4.3980238e+02  -2.0827119e+03  -3.2187444e+02  -9.4303365e+02  -5.9119292e+02   2.0465125e+02   1.1053189e+03   4.7883590e+02  -1.1272984e+03   1.4602256e+01  -1.1021387e+03  -5.1291322e+02   3.1983628e+02  -2.3792619e+02   1.0450260e+03   8.4225313e+01
  -1.6620472e+03  -1.0306255e+03  -2.4001932e+03  -1.3665544e+03  -8.0784812e+02  -2.0625564e+02   1.6308020e+02  -8.4823866e+02  -1.0057880e+03  -8.6500602e+02   6.7063534e+01   1.5411209e+02   1.5130426e+02   3.0406147e+02  -1.4941336e+03   4.1582155e+02   2.0019693e+02  -6.5555965e+02   8.7511253e+02   1.6495593e+03   6.4154856e+02  -1.8950986e+03  -1.2932513e+02   1.0129986e+03  -4.4293208e+02   2.1935159e+03   1.3047666e+04   2.6556159e+02  -8.0798283e+02  -1.6498904e+03  -1.9861932e+03   1.1482612e+03   1.3522320e+03   6.9971190e+02  -5.2745952e+02  -1.1434669e+03  -9.3626560e+02  -1.5498041e+03  -1.3765426e+02   1.4907759e+03   5.2349793e+02  -1.8258655e+03  -4.1716767e+02   1.4611165e+02   7.6860495e+02   9.0793665e+02   5.3246905e+02   4.0301159e+02  -2.8772607e+02
   6.4264148e+02  -2.3799618e+02   4.6766090e+02  -9.9522807e+01   2.3966917e+01   8.9699248e+01   1.0738847e+02   2.5008540e+02  -5.4572563e+02  -4.2145414e+02   7.6171805e+01  -6.4255783e+02   1.0380501e+02   6.7045320e+02   1.7809718e+02  -2.8213935e+02  -1.3508610e+03  -9.8517018e+02  -1.2249206e+03  -5.1599931e+02   1.3457704e+03   9.7707964e+02  -1.3876928e+03  -1.8501457e+03  -2.8245539e+02  -9.0432400e+02   2.6556159e+02   1.1745421e+04   1.0790878e+03  -2.3267982e+02  -1.4313391e+03  -1.4488824e+03  -1.4411124e+03  -1.0664595e+03   8.0659762e+02   1.2389977e+03   6.4750959e+02  -5.6060332e+02  -5.1355013e+01  -2.1566504e+03  -5.0218609e+01  -3.9105652e+02  -9.3909023e+01   5.8080489e+02   1.2012779e+03   6.9752989e+02  -1.1090452e+03  -1.5372901e+02  -7.4640125e+02
   7.5906792e+02   1.4067467e+03  -1.4400602e+02   2.0083965e+03   1.5144872e+03  -7.1766165e+02  -3.1947870e+02   8.9636216e+01  -1.7889347e+03  -8.2303910e+02   3.9928797e+02   1.2429110e+02  -7.4552231e+02   7.7046203e+02   7.5706880e+02  -1.4901599e+03  -1.4720325e+03  -1.3608877e+03  -1.2990185e+03  -2.9317682e+02   9.6500313e+02   1.4242969e+03  -8.1917581e+02  -1.6068840e+03  -1.1208085e+03  -7.7533446e+02  -8.0798283e+02   1.0790878e+03   1.2676737e+04   1.3895877e+03  -6.9400602e+02  -2.7329896e+03  -2.3366173e+03  -1.4377476e+03   1.3413810e+02   2.6052150e+03   1.1900861e+03   1.1749610e+03  -1.7363777e+03  -2.2987693e+03   5.3174060e+01   1.7654990e+03  -1.3923398e+03  -3.4839925e+02  -3.6838033e+02  -9.0384925e+02  -5.1557619e+02  -8.6461216e+02  -5.9196942e+02
  -1.3518509e+03   6.2199561e+02   2.2768421e+02   5.0164912e+02   1.7357895e+02  -4.8673684e+02  -8.7629825e+02  -1.5565570e+03  -8.8536404e+02  -1.4620526e+03   1.2968684e+03   2.9557456e+02   2.8391228e+02  -1.3886184e+03   3.7598684e+02  -1.9155614e+03   7.1000439e+02   4.6022807e+02  -3.9714035e+02  -1.2155746e+03  -9.3293860e+01   6.5179386e+02  -3.0918860e+02  -3.3232456e+02  -3.3028070e+02  -1.6882675e+03  -1.6498904e+03  -2.3267982e+02   1.3895877e+03   1.3017272e+04   1.4616842e+03  -1.7784956e+03  -1.5836579e+03  -1.1528333e+03   9.3716667e+02   5.0789474e+01   2.0366447e+03   1.1734956e+03  -4.3341228e+02  -7.8067982e+02  -8.3748684e+02   9.9311404e+02  -5.7384211e+02  -5.4771053e+02  -6.5592544e+02   4.9053947e+02  -5.5483333e+02  -1.3891798e+03   2.4177193e+02
  -1.1496331e+03  -6.6289398e+02  -4.3788120e+02   1.7725263e+02  -2.9762256e+02  -2.7093233e+02   3.1037594e+01  -1.5143361e+03  -1.1611436e+03  -1.4837278e+03  -8.6356241e+02   7.0085489e+02  -2.5785113e+02  -6.3193759e+02  -8.1779624e+02  -4.7425865e+02   1.3160368e+03   3.5911579e+02   5.3449624e+01  -2.0311203e+02  -1.3535827e+03  -1.0862173e+03   5.8701504e+01   2.1714165e+03  -5.3615038e+01   1.7020977e+02  -1.9861932e+03  -1.4313391e+03  -6.9400602e+02   1.4616842e+03   1.3321119e+04   5.2906541e+02  -4.5718346e+02  -8.6194286e+02  -4.5068571e+02  -1.6349970e+03   9.1498722e+02   1.1932489e+03   1.6952511e+03  -2.9791053e+02  -1.0623752e+03   3.2618647e+02   4.3212030e+01  -4.3073985e+02  -9.2625940e+02   2.1296015e+02  -1.2128286e+03  -1.4713910e+02   1.0233128e+03
  -3.4463446e+02  -6.0006873e+02  -1.3719346e+03  -7.9027018e+02  -2.0857985e+03  -6.9580451e+02   4.7899749e+02  -1.0749293e+03  -1.3262093e+01  -1.1213248e+03  -9.5431917e+02  -1.3907387e+03  -6.3490326e+02   1.5719417e+02  -1.7970919e+03   1.3070306e+03   1.2409259e+03  -4.6705439e+02   6.4124336e+02   3.7549580e+02  -8.5191949e+02  -2.9530514e+01   6.7890157e+02   8.6134223e+02   1.8895010e+03   8.6856435e+02   1.1482612e+03  -1.4488824e+03  -2.7329896e+03  -1.7784956e+03   5.2906541e+02   1.4538147e+04   1.3897756e+03   8.8552619e+02  -1.2527310e+03  -1.1987135e+03  -2.4549675e+03   1.5815384e+03   1.6372533e+03   1.6711890e+03   7.2013346e+01  -2.1116558e+03  -4.1155414e+02  -1.3607207e+03  -1.0183744e+03  -4.7545677e+01   2.7791190e+02   9.6566761e+02   7.8262581e+02
  -5.0334511e+02  -5.9593271e+02  -1.6641835e+03  -1.6420737e+03  -5.3013985e+02   7.9819549e+01   6.3623308e+02   7.8894624e+02  -9.3930038e+02  -5.7919248e+02  -1.4314669e+03  -2.8329699e+01   3.9440301e+02  -2.5283083e+01  -5.7602669e+02   2.0195639e+02   1.0662184e+03  -9.8124211e+02   1.0342677e+03   2.9581541e+02   2.0113722e+02   7.6278195e-01  -6.0782068e+02   7.8122556e+01   2.5750677e+02   1.7475906e+03   1.3522320e+03  -1.4411124e+03  -2.3366173e+03  -1.5836579e+03  -4.5718346e+02   1.3897756e+03   1.2697923e+04   1.3956143e+03  -3.2787143e+02  -1.7299414e+03  -1.9577492e+03  -2.4314699e+02   5.2789699e+02   1.4067447e+03  -1.8381617e+02  -1.1718639e+03   7.1163459e+02  -7.2192707e+02  -6.9505827e+02  -7.1277068e+01   8.3842857e+01  -5.4521241e+02   1.0509925e+02
  -3.7039524e+02  -1.8719690e+03  -1.2079429e+03  -1.3192667e+03  -1.9762857e+02  -4.5714286e+01  -9.3952381e+01   1.1513310e+03   1.7025476e+02  -8.2562857e+02  -4.4598571e+02  -7.9114048e+02   4.7796190e+02  -1.3032643e+03  -1.0092786e+03   1.1150190e+03  -7.3031667e+02  -9.6406667e+02   3.1367619e+02   6.3205476e+02   9.0184524e+02  -7.2194524e+02   7.9604524e+02   5.3147619e+01  -3.0181905e+02   4.3980238e+02   6.9971190e+02  -1.0664595e+03  -1.4377476e+03  -1.1528333e+03  -8.6194286e+02   8.8552619e+02   1.3956143e+03   1.2531852e+04  -1.0160619e+03  -4.7754286e+02  -1.4866929e+03  -1.1297548e+03   4.0933810e+02   1.4386833e+03   1.1037214e+03  -1.4694905e+03   1.3642286e+03   8.6004286e+02  -1.4430119e+03  -5.6480714e+02   4.8522381e+02  -6.1955952e+02  -3.2879048e+02
   1.0757619e+02   5.4254524e+02   8.8131429e+02  -7.5546667e+02   4.9554286e+02   1.3845714e+03   5.6976190e+02  -2.0235548e+03  -5.7397381e+02  -9.6445714e+02  -1.4226714e+03  -8.5639762e+02   4.7904762e+00   5.1942143e+02   3.1809286e+02  -6.0389524e+02  -9.5311667e+02  -1.1018667e+03  -1.9717810e+03  -7.1057381e+02   2.0827381e+02   3.7542619e+02   8.4687381e+02  -4.0793810e+02  -5.6750476e+02  -2.0827119e+03  -5.2745952e+02   8.0659762e+02   1.3413810e+02   9.3716667e+02  -4.5068571e+02  -1.2527310e+03  -3.2787143e+02  -1.0160619e+03   1.0567910e+04   1.6135143e+03   1.1405643e+03  -5.8052619e+02  -3.6789048e+02  -1.2661167e+03  -7.9290714e+02   1.4350524e+03   8.0225714e+02   8.2598571e+02   4.5855952e+02  -6.0064286e+01  -9.0551905e+02  -1.1967024e+03  -9.8984762e+02
   1.0198827e+03   1.6950850e+03   1.0570030e+03   5.9296842e+02   5.6875639e+02   5.7233083e+02  -5.8759398e+02  -3.0609774e+01  -3.6749098e+02  -5.4598045e+02  -1.1843940e+03  -1.0031872e+03  -3.2507218e+02   1.4768940e+03  -4.3659398e+01  -5.2275338e+02  -1.6159421e+03  -1.6893895e+03  -1.4178241e+03  -3.3086992e+02   6.9720677e+02   4.3393233e+01  -8.6220376e+02  -1.8371414e+03  -3.7076241e+02  -3.2187444e+02  -1.1434669e+03   1.2389977e+03   2.6052150e+03   5.0789474e+01  -1.6349970e+03  -1.1987135e+03  -1.7299414e+03  -4.7754286e+02   1.6135143e+03   1.1941392e+04   4.3908195e+02  -2.7877218e+02  -2.5817278e+03  -9.4157368e+02  -1.2571203e+02   8.8033383e+02  -9.9783008e+02   3.1344962e+02   9.1898496e+01  -6.1845038e+02  -7.5628571e+01  -4.8740226e+02  -6.1818195e+02
   2.3274850e+02   1.6403889e+03  -3.2501278e+02  -8.3211579e+02   5.8053534e+02  -7.6406015e+01  -3.3225564e+01  -1.4194085e+03  -8.3516335e+02   1.5016692e+02  -1.2240756e+03   2.2179568e+02  -1.2406932e+03  -1.4550494e+03  -3.3994756e+02  -1.8050481e+03  -6.4124605e+02  -2.9559474e+02  -6.2999774e+02  -7.6355282e+02   9.0371241e+01   7.0157876e+02   1.1418660e+03   7.4735075e+02  -1.3680098e+03  -9.4303365e+02  -9.3626560e+02   6.4750959e+02   1.1900861e+03   2.0366447e+03   9.1498722e+02  -2.4549675e+03  -1.9577492e+03  -1.4866929e+03   1.1405643e+03   4.3908195e+02   1.3937902e+04   9.5281767e+01  -6.8215677e+02  -2.4985618e+03  -1.6644739e+03   8.3233120e+02  -6.9297218e+02   8.6589098e+01   6.7793139e+02   3.8164098e+01  -9.3907857e+02  -7.4854041e+02   4.7302331e+02
  -4.3362268e+02   1.3516973e+03   1.8642489e+03   1.2864702e+03  -5.2765865e+02  -1.8816241e+03  -9.4056892e+02  -7.0904217e+02  -7.5079505e+02  -8.9913233e+02  -1.4668523e+03  -7.0957563e+02  -1.7576396e+03  -6.1702274e+02  -1.4856523e+02   5.5074085e+02  -1.4412588e+02  -1.5711456e+03  -4.2935764e+02  -1.3981529e+03  -1.7822234e+03   1.1608734e+03   4.8555576e+01  -1.8911366e+02  -5.7067243e+02  -5.9119292e+02  -1.5498041e+03  -5.6060332e+02   1.1749610e+03   1.1734956e+03   1.1932489e+03   1.5815384e+03  -2.4314699e+02  -1.1297548e+03  -5.8052619e+02  -2.7877218e+02   9.5281767e+01   1.3965519e+04   2.0656896e+03   4.4610965e+01  -1.5976705e+03   8.0154148e+02  -1.0131887e+03  -1.2277936e+03  -1.0924828e+03   1.6612314e+03  -6.9659762e+02  -1.3489533e+03   6.9885990e+02
  -1.4569607e+03  -1.3742390e+03  -8.6774887e+02  -8.8035088e+00  -7.6234135e+02   3.5362406e+02   3.4123559e+02  -4.7074950e+02   9.2233672e+02  -8.5386767e+02  -3.9839774e+02   5.5153396e+02  -9.0169373e+02  -2.7063523e+03  -1.8605977e+02   1.7839258e+03   6.5866754e+02  -7.9768772e+02  -3.5947569e+02  -1.2730539e+02  -1.4300683e+03  -1.1418317e+03  -1.3184724e+02  -1.9696742e+00  -7.2649424e+02   2.0465125e+02  -1.3765426e+02  -5.1355013e+01  -1.7363777e+03  -4.3341228e+02   1.6952511e+03   1.6372533e+03   5.2789699e+02   4.0933810e+02  -3.6789048e+02  -2.5817278e+03  -6.8215677e+02   2.0656896e+03   1.2306394e+04   1.5159307e+03   7.1804549e+02  -9.4795815e+02  -2.2831128e+02  -1.7384564e+03  -1.4303089e+03   7.7393609e+01   4.0568095e+02   1.6574499e+02  -4.5602657e+02
  -2.0360728e+03   5.4136096e+02  -1.3179105e+03  -3.8252281e+02  -1.3727474e+03  -1.0415789e+02  -1.2627544e+03   7.7044254e+02   8.5106009e+02   1.8583158e+02   6.9302895e+02   5.5751360e+02   1.7351930e+02  -1.0509039e+03  -9.5111711e+02   7.5200351e+02   7.2663904e+02  -6.8617018e+02   1.4326509e+03  -2.4221360e+02  -1.6150154e+03  -1.8971346e+03  -1.5754785e+03  -3.0428860e+02   8.2440175e+02   1.1053189e+03   1.4907759e+03  -2.1566504e+03  -2.2987693e+03  -7.8067982e+02  -2.9791053e+02   1.6711890e+03   1.4067447e+03   1.4386833e+03  -1.2661167e+03  -9.4157368e+02  -2.4985618e+03   4.4610965e+01   1.5159307e+03   1.4573850e+04   7.5056711e+02  -1.5034851e+03  -5.6419474e+02  -1.3926237e+03  -2.6599364e+03  -2.9439868e+02   2.2843833e+03   7.4819956e+02  -6.4082982e+02
  -2.7561767e+02  -1.7293491e+03   6.9624812e+01   1.0151895e+03   4.2689023e+02   2.3672932e+02  -1.0961504e+03   1.3069361e+01   1.3849944e+02  -6.2168872e+02   4.8889962e+02   2.1355451e+01   3.9900451e+02  -2.6427462e+02  -5.3990038e+01   6.4323459e+02   9.0777632e+01   7.0983684e+02  -1.4369850e+02  -4.5222688e+02   4.4395583e+02  -9.6130583e+02  -8.2158102e+02  -8.7311617e+02   5.4636015e+02   4.7883590e+02   5.2349793e+02  -5.0218609e+01   5.3174060e+01  -8.3748684e+02  -1.0623752e+03   7.2013346e+01  -1.8381617e+02   1.1037214e+03  -7.9290714e+02  -1.2571203e+02  -1.6644739e+03  -1.5976705e+03   7.1804549e+02   7.5056711e+02   1.1937326e+04  -1.2123959e+03  -3.3094812e+02  -6.8759060e+02  -4.7983741e+02  -2.1480656e+03   2.8116429e+02   1.1054314e+03  -1.6715511e+03
   8.0156115e+02   5.5318434e+02   3.5186466e+01  -7.5062456e+02   5.2989624e+02  -1.0848872e+02  -1.2014937e+03  -4.8738935e+02  -1.6535727e+02  -1.8127880e+03  -3.8492707e+02   3.8230915e+02   4.6385815e+02   8.8567707e+02   1.1648673e+03  -1.0563764e+03  -6.1732719e+02   2.3218596e+02  -5.3375840e+02  -9.7385201e+02  -9.1776378e+02   1.0764638e+03  -5.9721642e+02  -1.1839306e+03   2.7139749e+02  -1.1272984e+03  -1.8258655e+03  -3.9105652e+02   1.7654990e+03   9.9311404e+02   3.2618647e+02  -2.1116558e+03  -1.1718639e+03  -1.4694905e+03   1.4350524e+03   8.8033383e+02   8.3233120e+02   8.0154148e+02  -9.4795815e+02  -1.5034851e+03  -1.2123959e+03   1.1729864e+04   8.3453534e+02  -3.7162331e+02  -1.2987657e+02   5.2326692e+01  -1.0458048e+03  -1.5383565e+03  -1.4236145e+03
   7.2073083e+02  -2.1576015e+02   2.8821203e+02  -9.4272632e+02  -1.2517444e+02   4.2032331e+02  -7.3237594e+02  -2.2273910e+02  -2.2863910e+01  -6.9712180e+02  -4.4377594e+02   3.9455113e+02   5.0691128e+02  -3.7272406e+02   1.0926241e+02  -2.3661353e+02   2.9933158e+02  -4.9495789e+02  -5.8709624e+02   3.2042030e+02  -1.0867293e+02  -1.4527068e+01   3.5088496e+02   1.0250346e+03  -1.0024962e+02   1.4602256e+01  -4.1716767e+02  -9.3909023e+01  -1.3923398e+03  -5.7384211e+02   4.3212030e+01  -4.1155414e+02   7.1163459e+02   1.3642286e+03   8.0225714e+02  -9.9783008e+02  -6.9297218e+02  -1.0131887e+03  -2.2831128e+02  -5.6419474e+02  -3.3094812e+02   8.3453534e+02   7.8154797e+03  -8.1801504e+01   1.3609398e+02  -1.0355015e+03  -9.4631429e+02  -3.4310902e+02   2.2567218e+02
   1.6623541e+03  -2.5215075e+02  -6.6873985e+02  -7.5523158e+02  -5.4907218e+02   1.9461654e+02   4.6812030e+02   1.6725451e+02  -1.4759695e+03   5.0819098e+02  -2.3157970e+02  -5.8019436e+02  -3.0224361e+02   1.7482970e+02  -1.3495380e+03  -2.0166767e+02  -8.1499211e+02   2.6781053e+02  -6.4928120e+02  -3.9474850e+02   1.5613853e+03   4.4651466e+02   1.7783748e+03  -4.2572707e+02  -1.0314481e+03  -1.1021387e+03   1.4611165e+02   5.8080489e+02  -3.4839925e+02  -5.4771053e+02  -4.3073985e+02  -1.3607207e+03  -7.2192707e+02   8.6004286e+02   8.2598571e+02   3.1344962e+02   8.6589098e+01  -1.2277936e+03  -1.7384564e+03  -1.3926237e+03  -6.8759060e+02  -3.7162331e+02  -8.1801504e+01   1.0217892e+04   7.1221992e+02  -4.6245752e+02   2.7512857e+02  -5.3229511e+02   6.5676090e+02
   2.8019987e+02   1.0188387e+03  -5.9325940e+02  -4.3519298e+02  -1.1934887e+03  -1.1453383e+02   8.7381454e+02  -3.2490288e+01  -7.2731986e+02  -1.0854361e+03   3.6973120e+02  -5.7943578e+02   4.0455890e+02   9.8439380e+02   1.0163731e+03  -7.1293734e+02  -1.3174101e+03  -4.9932456e+02  -1.5330915e+03  -2.5763565e+02   9.4333302e+02   7.0391698e+02   7.1949091e+02  -7.5224937e+01  -8.8782581e+02  -5.1291322e+02   7.6860495e+02   1.2012779e+03  -3.6838033e+02  -6.5592544e+02  -9.2625940e+02  -1.0183744e+03  -6.9505827e+02  -1.4430119e+03   4.5855952e+02   9.1898496e+01   6.7793139e+02  -1.0924828e+03  -1.4303089e+03  -2.6599364e+03  -4.7983741e+02  -1.2987657e+02   1.3609398e+02   7.1221992e+02   1.2204171e+04  -1.8015508e+02  -1.2633690e+03  -1.3094721e+03   9.6161028e+02
  -6.1719586e+02   5.0862425e+02   5.6996015e+02  -2.8183158e+02  -3.4727218e+02  -8.0383459e+01   6.2612030e+02   2.1307951e+02  -1.2037445e+03  -6.7100902e+02  -7.5252970e+02  -1.0715194e+03  -4.6804361e+02  -1.1150953e+03  -5.1201297e+02  -2.5826767e+02  -3.7176711e+02  -6.8308947e+02   3.4141880e+02  -7.2723496e+01   3.9351034e+02  -6.8596034e+02  -7.0530019e+02   5.9662293e+02  -4.4914812e+02   3.1983628e+02   9.0793665e+02   6.9752989e+02  -9.0384925e+02   4.9053947e+02   2.1296015e+02  -4.7545677e+01  -7.1277068e+01  -5.6480714e+02  -6.0064286e+01  -6.1845038e+02   3.8164098e+01   1.6612314e+03   7.7393609e+01  -2.9439868e+02  -2.1480656e+03   5.2326692e+01  -1.0355015e+03  -4.6245752e+02  -1.8015508e+02   1.1067217e+04   2.1957857e+02  -1.2759201e+03  -2.0433910e+02
  -1.0458524e+03   9.4575952e+02  -2.1482857e+02   3.3453333e+02  -9.7688571e+02  -1.3614286e+02  -1.3655238e+03   1.8996595e+03   1.4730976e+03   3.1511429e+02   4.0104286e+02  -3.1975476e+02  -8.1778095e+02  -1.6337929e+03   1.9164286e+01   3.4939048e+02  -6.8461667e+02  -2.7086667e+02   6.1236190e+02  -2.7950238e+02  -1.7447976e+03  -1.2635024e+03  -1.3651976e+03  -8.3422381e+02  -2.5679048e+02  -2.3792619e+02   5.3246905e+02  -1.1090452e+03  -5.1557619e+02  -5.5483333e+02  -1.2128286e+03   2.7791190e+02   8.3842857e+01   4.8522381e+02  -9.0551905e+02  -7.5628571e+01  -9.3907857e+02  -6.9659762e+02   4.0568095e+02   2.2843833e+03   2.8116429e+02  -1.0458048e+03  -9.4631429e+02   2.7512857e+02  -1.2633690e+03   2.1957857e+02   1.1311338e+04   9.2265476e+02  -7.6770476e+02
  -7.6585213e+00   3.9915382e+02  -4.0113910e+02  -4.9012281e+02   8.6976692e+02   3.6569925e+02  -6.1161153e+02  -1.0846460e+02   8.5212437e+02   1.3463459e+03  -1.5852820e+02  -5.6700783e+02  -2.7199499e+02  -3.7159680e+02  -2.5225282e+02   3.5326065e+02   1.3729890e+03   2.8342982e+02   1.2722794e+03  -6.3493108e+00  -1.2039796e+03  -1.3312704e+03  -9.3324279e+02  -4.6404574e+02  -5.2565539e+02   1.0450260e+03   4.0301159e+02  -1.5372901e+02  -8.6461216e+02  -1.3891798e+03  -1.4713910e+02   9.6566761e+02  -5.4521241e+02  -6.1955952e+02  -1.1967024e+03  -4.8740226e+02  -7.4854041e+02  -1.3489533e+03   1.6574499e+02   7.4819956e+02   1.1054314e+03  -1.5383565e+03  -3.4310902e+02  -5.3229511e+02  -1.3094721e+03  -1.2759201e+03   9.2265476e+02   1.1942021e+04  -1.9580013e+03
  -2.2786516e+02  -1.1669972e+03  -1.5466872e+03  -5.4295088e+02  -5.5133534e+02  -2.1593985e+01  -5.9444110e+02  -8.1024987e+02   1.5771679e+01  -2.0896692e+02  -1.0509744e+03  -9.2304010e+01  -1.6217343e+02   6.9847444e+02  -1.0774436e+00   6.1398145e+02   3.7085439e+02   6.4982807e+02  -2.3636892e+02   4.0036115e+02  -9.8329574e+01   3.0172957e+02   1.1999757e+03   7.1663258e+02   4.4237644e+02   8.4225313e+01  -2.8772607e+02  -7.4640125e+02  -5.9196942e+02   2.4177193e+02   1.0233128e+03   7.8262581e+02   1.0509925e+02  -3.2879048e+02  -9.8984762e+02  -6.1818195e+02   4.7302331e+02   6.9885990e+02  -4.5602657e+02  -6.4082982e+02  -1.6715511e+03  -1.4236145e+03   2.2567218e+02   6.5676090e+02   9.6161028e+02  -2.0433910e+02  -7.6770476e+02  -1.9580013e+03   8.5437434e+03
