   1.6108204e+04  -7.3954106e+03  -2.0690974e+03  -3.7618978e+02  -9.5698626e+02  -1.7446741e+03  -2.8324124e+03   1.0688445e+03   7.5145281e+02  -1.2301619e+03   7.0624709e+02  -8.4724953e+02  -1.4644249e+03  -4.7425581e+02   1.5577764e+02  -5.4642242e+02  -5.6150079e+02  -1.7983032e+02  -8.5752175e+02   1.3529651e+03   2.9191719e+03
  -7.3954106e+03   2.1665526e+04   1.0612067e+03  -9.7376170e+02  -1.7438195e+03  -4.5581983e+03   1.4391140e+03  -3.9629281e+03  -2.5429256e+03  -2.2822241e+03  -1.5754567e+03  -9.9838097e+01  -9.7330143e+02  -6.0566347e+02  -6.4241834e+02   4.7399340e+02  -1.1428532e+03   1.0495205e+03  -3.5682867e+01   1.9095192e+03   4.3510937e+02
  -2.0690974e+03   1.0612067e+03   2.0778477e+04  -1.8396501e+03  -9.5168028e+02  -6.2668562e+03  -5.2342965e+02  -9.8356030e+02  -4.4718009e+03   3.9210842e+03  -1.3095019e+03  -1.9674862e+03  -2.8920459e+03  -2.7520038e+03   6.1447739e+02   1.4829422e+03  -1.1871897e+03  -4.3960616e+02   3.8794535e+02  -2.5400226e+03  -1.6098750e+03
  -3.7618978e+02  -9.7376170e+02  -1.8396501e+03   1.6585793e+04  -3.9380736e+03  -2.6155051e+03  -2.1964149e+03  -3.2379617e+02  -1.9399159e+03  -7.1529884e+02  -2.3407573e+03   1.8456160e+03   1.0896348e+03   2.1357354e+03  -2.6257751e+03  -9.3822393e+02  -8.9761008e+02  -1.3074114e+03   7.1985074e+02   8.4691237e+02   1.4962969e+03
  -9.5698626e+02  -1.7438195e+03  -9.5168028e+02  -3.9380736e+03   1.9164019e+04  -1.2109800e+03   1.0930122e+03   1.4311234e+03  -1.7949837e+03  -1.7015199e+03  -2.6207598e+03  -5.1503219e+02  -2.9975966e+02  -2.9372696e+03   3.4319472e+02  -5.6096765e+02   6.2847032e+02  -1.6368862e+03  -1.0232221e+03  -1.7151178e+03  -1.3652031e+03
  -1.7446741e+03  -4.5581983e+03  -6.2668562e+03  -2.6155051e+03  -1.2109800e+03   3.0969875e+04  -3.2428295e+03   2.1414878e+03   1.9197455e+03  -1.5048931e+03  -2.6779828e+03  -2.9856360e+02   1.1898092e+02   1.4662844e+03  -1.5439812e+03  -1.2304727e+03   2.4573560e+03   1.0572187e+03  -9.5188835e+01  -2.1117937e+03  -5.4595781e+03
  -2.8324124e+03   1.4391140e+03  -5.2342965e+02  -2.1964149e+03   1.0930122e+03  -3.2428295e+03   1.4733587e+04  -1.6753957e+03  -3.0007792e+03   3.7272425e+02  -1.8298483e+03  -3.3862437e+01  -8.3705873e+02  -1.1106966e+03   4.8507035e+02   1.7765201e+02  -6.0822927e+02   2.9754554e+02   3.3364918e+02  -1.6071796e+03  -1.0628125e+03
   1.0688445e+03  -3.9629281e+03  -9.8356030e+02  -3.2379617e+02   1.4311234e+03   2.1414878e+03  -1.6753957e+03   2.0028089e+04  -5.9469818e+02  -3.1531721e+02  -4.7373175e+03   1.1390785e+03  -1.8329764e+03  -2.4796351e+03  -2.4170603e+03   2.9426256e+02  -1.0324642e+03   5.0112751e+01  -1.7174582e+03  -1.8418103e+03  -5.7281875e+03
   7.5145281e+02  -2.5429256e+03  -4.4718009e+03  -1.9399159e+03  -1.7949837e+03   1.9197455e+03  -3.0007792e+03  -5.9469818e+02   1.0876370e+04  -2.2886544e+03   3.0283551e+03   2.6662484e+02   1.8475375e+03   8.6596027e+02   7.8707412e+02  -1.0604425e+03  -6.4795807e+02  -6.3541073e+02   3.2561142e+02   1.3982616e+03   1.5106719e+03
  -1.2301619e+03  -2.2822241e+03   3.9210842e+03  -7.1529884e+02  -1.7015199e+03  -1.5048931e+03   3.7272425e+02  -3.1531721e+02  -2.2886544e+03   1.1378846e+04  -8.0667007e+02  -1.4308778e+03  -8.5676335e+02  -9.4284014e+02   1.5093342e+03   1.0907845e+03  -9.0937029e+02  -2.0580559e+01  -9.9105700e+02  -2.2920408e+03  -8.0134375e+02
   7.0624709e+02  -1.5754567e+03  -1.3095019e+03  -2.3407573e+03  -2.6207598e+03  -2.6779828e+03  -1.8298483e+03  -4.7373175e+03   3.0283551e+03  -8.0667007e+02   1.6832359e+04  -9.4932177e+02   8.7005347e+02   1.9039684e+03  -4.2912688e+02  -9.0698398e+02  -1.1071372e+02  -6.2514055e+01   1.0724798e+03   7.9331062e+02   3.3754844e+03
  -8.4724953e+02  -9.9838097e+01  -1.9674862e+03   1.8456160e+03  -5.1503219e+02  -2.9856360e+02  -3.3862437e+01   1.1390785e+03   2.6662484e+02  -1.4308778e+03  -9.4932177e+02   8.2129846e+03   4.9579538e+02   1.1508565e+03  -1.5247362e+03  -1.3818675e+03  -2.0014102e+02  -8.8862610e+02  -1.4572062e+03   1.5331388e+03  -1.5990312e+03
  -1.4644249e+03  -9.7330143e+02  -2.8920459e+03   1.0896348e+03  -2.9975966e+02   1.1898092e+02  -8.3705873e+02  -1.8329764e+03   1.8475375e+03  -8.5676335e+02   8.7005347e+02   4.9579538e+02   1.0031489e+04   8.9885694e+02   6.3157915e+02  -1.4843602e+03  -5.6274231e+02  -9.7923783e+02  -2.1001186e+02   2.0916416e+03  -4.6735937e+02
  -4.7425581e+02  -6.0566347e+02  -2.7520038e+03   2.1357354e+03  -2.9372696e+03   1.4662844e+03  -1.1106966e+03  -2.4796351e+03   8.6596027e+02  -9.4284014e+02   1.9039684e+03   1.1508565e+03   8.9885694e+02   8.3484369e+03  -6.6725377e+02  -1.2529680e+03  -4.8992745e+02   1.9472189e+02   6.1209642e+01   5.2462123e+02  -3.9328125e+02
   1.5577764e+02  -6.4241834e+02   6.1447739e+02  -2.6257751e+03   3.4319472e+02  -1.5439812e+03   4.8507035e+02  -2.4170603e+03   7.8707412e+02   1.5093342e+03  -4.2912688e+02  -1.5247362e+03   6.3157915e+02  -6.6725377e+02   9.1974774e+03   1.1684422e+03  -1.2204397e+03  -8.1848116e+02  -1.2816796e+03  -1.0705226e+03  -1.8625000e+02
  -5.4642242e+02   4.7399340e+02   1.4829422e+03  -9.3822393e+02  -5.6096765e+02  -1.2304727e+03   1.7765201e+02   2.9426256e+02  -1.0604425e+03   1.0907845e+03  -9.0698398e+02  -1.3818675e+03  -1.4843602e+03  -1.2529680e+03   1.1684422e+03   6.1684912e+03  -7.6688756e+02  -5.0976759e+00  -6.3028549e+02  -9.0280779e+02   6.3187500e+01
  -5.6150079e+02  -1.1428532e+03  -1.1871897e+03  -8.9761008e+02   6.2847032e+02   2.4573560e+03  -6.0822927e+02  -1.0324642e+03  -6.4795807e+02  -9.0937029e+02  -1.1071372e+02  -2.0014102e+02  -5.6274231e+02  -4.8992745e+02  -1.2204397e+03  -7.6688756e+02   7.7604017e+03   1.5182935e+03   2.9542698e+02   4.2543530e+02  -5.3031250e+01
  -1.7983032e+02   1.0495205e+03  -4.3960616e+02  -1.3074114e+03  -1.6368862e+03   1.0572187e+03   2.9754554e+02   5.0112751e+01  -6.3541073e+02  -2.0580559e+01  -6.2514055e+01  -8.8862610e+02  -9.7923783e+02   1.9472189e+02  -8.1848116e+02  -5.0976759e+00   1.5182935e+03   6.3201249e+03   2.9227992e+02  -9.7516866e+02  -2.1312969e+03
  -8.5752175e+02  -3.5682867e+01   3.8794535e+02   7.1985074e+02  -1.0232221e+03  -9.5188835e+01   3.3364918e+02  -1.7174582e+03   3.2561142e+02  -9.9105700e+02   1.0724798e+03  -1.4572062e+03  -2.1001186e+02   6.1209642e+01  -1.2816796e+03  -6.3028549e+02   2.9542698e+02   2.9227992e+02   6.3559773e+03  -4.1924215e+02  -4.5515625e+01
   1.3529651e+03   1.9095192e+03  -2.5400226e+03   8.4691237e+02  -1.7151178e+03  -2.1117937e+03  -1.6071796e+03  -1.8418103e+03   1.3982616e+03  -2.2920408e+03   7.9331062e+02   1.5331388e+03   2.0916416e+03   5.2462123e+02  -1.0705226e+03  -9.0280779e+02   4.2543530e+02  -9.7516866e+02  -4.1924215e+02   1.1145727e+04   5.1381250e+02
   2.9191719e+03   4.3510937e+02  -1.6098750e+03   1.4962969e+03  -1.3652031e+03  -5.4595781e+03  -1.0628125e+03  -5.7281875e+03   1.5106719e+03  -8.0134375e+02   3.3754844e+03  -1.5990312e+03  -4.6735937e+02  -3.9328125e+02  -1.8625000e+02   6.3187500e+01  -5.3031250e+01  -2.1312969e+03  -4.5515625e+01   5.1381250e+02   1.5681391e+04
