   1.4915129e+04   2.8854537e+03   1.3973539e+02  -2.1053990e+01   2.0180369e+03  -1.3816375e+01  -1.3405414e+02  -4.1704613e+03  -1.7527134e+03   1.6204069e+03   8.3438342e+02  -1.6255077e+03  -4.1228607e+03  -8.9508707e+02   1.3434813e+03   8.9246826e+02  -1.2890639e+03  -2.5528113e+03  -9.8225957e+02   1.1253566e+03  -4.7406244e+02  -1.4611118e+03  -3.4158469e+02  -2.0019490e+03  -3.9514628e+03
   2.8854537e+03   2.1312744e+04   1.7149892e+03   2.9309092e+03   1.1773561e+03  -2.7971253e+03   1.5944941e+03   4.1135871e+03   8.1994334e+02  -1.0599231e+03   1.0754935e+03  -1.2843344e+03  -3.3742356e+03  -1.7406546e+03  -1.0730507e+03   1.3104219e+03  -1.9994014e+03  -4.6235125e+03  -5.3328980e+03  -3.6191368e+03   4.9574941e+02  -1.6299737e+03  -4.9757633e+03  -4.5357109e+03  -1.3860638e+03
   1.3973539e+02   1.7149892e+03   2.0085156e+04   2.9204040e+03   2.0362731e+03  -3.2025500e+03   3.1968447e+03   3.2504850e+03   2.3476247e+03  -9.6758974e+01  -1.2041330e+03   3.7841486e+02  -4.0057895e+03  -1.8283265e+03  -1.7499755e+03   2.9380347e+02  -2.8630710e+03  -6.4805328e+03  -5.7308268e+03  -2.3423717e+03   6.0252225e+02   5.0726550e+02  -1.7228772e+03  -3.8335906e+03  -2.4111083e+03
  -2.1053990e+01   2.9309092e+03   2.9204040e+03   1.6676894e+04   1.6352071e+03  -2.3040629e+03  -5.2754850e+02   4.8451824e+02   1.3071006e+03   5.6704806e+02  -1.6358825e+03  -2.4401513e+02  -3.2853999e+03  -1.5858054e+03  -2.3007674e+03   1.7328389e+02  -2.8760012e+01  -3.4710145e+03  -4.6575476e+03  -2.9509929e+03   2.1396660e+03  -5.3719371e+01  -2.7072382e+02  -2.9297461e+03  -2.5699077e+03
   2.0180369e+03   1.1773561e+03   2.0362731e+03   1.6352071e+03   2.2032103e+04  -2.8829625e+03   1.1428532e+03   6.5909878e+02   1.9825933e+03  -9.1495320e+02  -3.0278578e+03  -4.2976490e+03  -3.4617567e+03  -1.7436963e+03   3.2216783e+02  -5.1596893e+02  -2.5409993e+03  -5.4784324e+03  -3.1106968e+03  -3.3184005e+03  -8.8946106e+02   1.0942146e+03  -9.0285079e+01  -2.1497836e+03   2.9806052e+02
  -1.3816375e+01  -2.7971253e+03  -3.2025500e+03  -2.3040629e+03  -2.8829625e+03   1.7653456e+04  -2.8071675e+03  -4.9302077e+03  -4.9169739e+03  -2.3461689e+03   1.3153093e+03   3.8680624e+03  -1.0658103e+03   2.0816184e+03   9.6732438e+02   6.3512237e+02   2.4659310e+03   6.9901098e+02   8.0700534e+02   2.4863824e+03  -2.1680233e+03  -2.1288446e+03  -7.5208543e+01  -1.2230285e+03  -1.1625334e+02
  -1.3405414e+02   1.5944941e+03   3.1968447e+03  -5.2754850e+02   1.1428532e+03  -2.8071675e+03   1.8932532e+04   3.2132305e+01  -4.6131949e+02  -5.5764381e+03  -1.6006542e+03  -1.7454264e+02  -2.0929752e+03  -1.4505054e+03  -2.6645553e+03   1.6095649e+03  -5.2062748e+02  -1.5924184e+03   1.0120937e+03  -3.0165093e+03   4.0256341e+02  -1.5129933e+03  -1.7755500e+03  -1.3803333e+03  -6.2955859e+02
  -4.1704613e+03   4.1135871e+03   3.2504850e+03   4.8451824e+02   6.5909878e+02  -4.9302077e+03   3.2132305e+01   2.7823730e+04   6.3336339e+03   2.1216304e+03  -3.0243480e+03  -2.8720688e+03   9.5339662e+02  -3.5725461e+03  -1.7516283e+03  -2.7035909e+03  -4.5543397e+03  -4.6500857e+03  -6.4033931e+03  -1.6702029e+03  -3.7848027e+02  -6.4199792e+02  -5.1223711e+03  -1.6362370e+03   2.3168707e+03
  -1.7527134e+03   8.1994334e+02   2.3476247e+03   1.3071006e+03   1.9825933e+03  -4.9169739e+03  -4.6131949e+02   6.3336339e+03   2.0661543e+04   4.5332065e+03  -3.4361620e+03  -4.2808428e+03  -9.8256986e+02  -4.4657134e+02   1.6840733e+03  -1.4648914e+03  -6.3180430e+03  -7.8176921e+03  -6.8550934e+03  -6.0119163e+02  -5.5584248e+02   3.2382797e+03  -2.5258505e+03  -6.0650163e+02   1.0943340e+02
   1.6204069e+03  -1.0599231e+03  -9.6758974e+01   5.6704806e+02  -9.1495320e+02  -2.3461689e+03  -5.5764381e+03   2.1216304e+03   4.5332065e+03   2.2293959e+04   5.6150475e+01  -5.6165288e+03  -3.9355223e+03  -5.5135931e+02   3.4104974e+03   1.1477178e+03  -6.7130228e+03  -5.5711405e+03  -5.9272305e+03   3.9136606e+03   4.0783855e+02   4.2724567e+03   3.1916879e+02  -1.1772707e+03  -5.1827309e+03
   8.3438342e+02   1.0754935e+03  -1.2041330e+03  -1.6358825e+03  -3.0278578e+03   1.3153093e+03  -1.6006542e+03  -3.0243480e+03  -3.4361620e+03   5.6150475e+01   1.4471229e+04   1.0591239e+03  -1.3734157e+03  -4.2196166e+02   4.0214328e+00   1.0501158e+03   2.4491657e+02   2.3290455e+03  -8.6896767e+01   2.4760593e+03  -2.3613669e+03  -6.8382809e+02  -7.4836517e+02  -2.3390506e+03  -2.9675645e+03
  -1.6255077e+03  -1.2843344e+03   3.7841486e+02  -2.4401513e+02  -4.2976490e+03   3.8680624e+03  -1.7454264e+02  -2.8720688e+03  -4.2808428e+03  -5.6165288e+03   1.0591239e+03   2.1583819e+04   6.9233573e+02   1.1143492e+03  -3.4342168e+03  -1.9936380e+03   1.4111414e+03   3.3264979e+03   3.5133503e+03  -9.5085613e+02  -8.0958343e+02  -3.9007456e+03  -2.0249605e+03  -1.3980352e+03  -2.0318440e+03
  -4.1228607e+03  -3.3742356e+03  -4.0057895e+03  -3.2853999e+03  -3.4617567e+03  -1.0658103e+03  -2.0929752e+03   9.5339662e+02  -9.8256986e+02  -3.9355223e+03  -1.3734157e+03   6.9233573e+02   2.8409183e+04   1.8943139e+03  -2.1612346e+03  -7.6188587e+03   3.6415567e+03   7.5482490e+03   1.9027698e+03  -2.9600403e+03  -6.6276905e+03  -1.1137569e+03  -7.7231682e+01   1.2473944e+03   1.9841439e+03
  -8.9508707e+02  -1.7406546e+03  -1.8283265e+03  -1.5858054e+03  -1.7436963e+03   2.0816184e+03  -1.4505054e+03  -3.5725461e+03  -4.4657134e+02  -5.5135931e+02  -4.2196166e+02   1.1143492e+03   1.8943139e+03   2.2831091e+04  -2.6594519e+03  -4.8030532e+03   1.2287936e+03   8.6491887e+02  -3.8525957e+01  -4.5351643e+03  -2.9962062e+03   9.6118882e+02  -2.3595847e+02  -6.1169490e+02  -8.6004628e+02
   1.3434813e+03  -1.0730507e+03  -1.7499755e+03  -2.3007674e+03   3.2216783e+02   9.6732438e+02  -2.6645553e+03  -1.7516283e+03   1.6840733e+03   3.4104974e+03   4.0214328e+00  -3.4342168e+03  -2.1612346e+03  -2.6594519e+03   1.6010484e+04   3.7815596e+02  -4.7390515e+03  -3.6583896e+03  -1.0811896e+03   2.9979255e+03  -1.8951733e+03   1.5919818e+03   1.9639033e+03  -7.2948902e+02  -7.8200653e+02
   8.9246826e+02   1.3104219e+03   2.9380347e+02   1.7328389e+02  -5.1596893e+02   6.3512237e+02   1.6095649e+03  -2.7035909e+03  -1.4648914e+03   1.1477178e+03   1.0501158e+03  -1.9936380e+03  -7.6188587e+03  -4.8030532e+03   3.7815596e+02   2.2055884e+04  -2.2623891e+03  -1.1969316e+03  -4.3427505e+03  -2.5352329e+02   1.8478009e+03  -2.0212622e+02  -3.8179917e+02  -2.6571639e+03  -9.9728093e+02
  -1.2890639e+03  -1.9994014e+03  -2.8630710e+03  -2.8760012e+01  -2.5409993e+03   2.4659310e+03  -5.2062748e+02  -4.5543397e+03  -6.3180430e+03  -6.7130228e+03   2.4491657e+02   1.4111414e+03   3.6415567e+03   1.2287936e+03  -4.7390515e+03  -2.2623891e+03   2.1863619e+04   7.7629251e+03   2.2594230e+03  -4.5745960e+03   4.5129405e+02  -2.1880743e+03   6.8592317e+02  -7.2808944e+02  -6.8451439e+02
  -2.5528113e+03  -4.6235125e+03  -6.4805328e+03  -3.4710145e+03  -5.4784324e+03   6.9901098e+02  -1.5924184e+03  -4.6500857e+03  -7.8176921e+03  -5.5711405e+03   2.3290455e+03   3.3264979e+03   7.5482490e+03   8.6491887e+02  -3.6583896e+03  -1.1969316e+03   7.7629251e+03   3.2898743e+04   2.1071993e+03  -5.0200578e+03  -3.2670360e+03  -2.7575301e+03   5.5188104e+02  -1.8063186e+01   7.7875408e+01
  -9.8225957e+02  -5.3328980e+03  -5.7308268e+03  -4.6575476e+03  -3.1106968e+03   8.0700534e+02   1.0120937e+03  -6.4033931e+03  -6.8550934e+03  -5.9272305e+03  -8.6896767e+01   3.5133503e+03   1.9027698e+03  -3.8525957e+01  -1.0811896e+03  -4.3427505e+03   2.2594230e+03   2.1071993e+03   2.5378367e+04   4.5918807e+02   1.4840095e+03  -1.9204201e+03   3.9822124e+03   3.5393747e+03   3.1020469e+01
   1.1253566e+03  -3.6191368e+03  -2.3423717e+03  -2.9509929e+03  -3.3184005e+03   2.4863824e+03  -3.0165093e+03  -1.6702029e+03  -6.0119163e+02   3.9136606e+03   2.4760593e+03  -9.5085613e+02  -2.9600403e+03  -4.5351643e+03   2.9979255e+03  -2.5352329e+02  -4.5745960e+03  -5.0200578e+03   4.5918807e+02   2.0343579e+04   1.1056867e+02   1.5858618e+02   1.2840991e+03   1.9366636e+03  -1.4793675e+03
  -4.7406244e+02   4.9574941e+02   6.0252225e+02   2.1396660e+03  -8.8946106e+02  -2.1680233e+03   4.0256341e+02  -3.7848027e+02  -5.5584248e+02   4.0783855e+02  -2.3613669e+03  -8.0958343e+02  -6.6276905e+03  -2.9962062e+03  -1.8951733e+03   1.8478009e+03   4.5129405e+02  -3.2670360e+03   1.4840095e+03   1.1056867e+02   1.7573320e+04  -6.3233477e+02  -1.4838152e+03   7.7378271e+02  -1.7490059e+03
  -1.4611118e+03  -1.6299737e+03   5.0726550e+02  -5.3719371e+01   1.0942146e+03  -2.1288446e+03  -1.5129933e+03  -6.4199792e+02   3.2382797e+03   4.2724567e+03  -6.8382809e+02  -3.9007456e+03  -1.1137569e+03   9.6118882e+02   1.5919818e+03  -2.0212622e+02  -2.1880743e+03  -2.7575301e+03  -1.9204201e+03   1.5858618e+02  -6.3233477e+02   1.3299438e+04  -8.5492791e+02  -1.1987597e+03  -2.2457375e+03
  -3.4158469e+02  -4.9757633e+03  -1.7228772e+03  -2.7072382e+02  -9.0285079e+01  -7.5208543e+01  -1.7755500e+03  -5.1223711e+03  -2.5258505e+03   3.1916879e+02  -7.4836517e+02  -2.0249605e+03  -7.7231682e+01  -2.3595847e+02   1.9639033e+03  -3.8179917e+02   6.8592317e+02   5.5188104e+02   3.9822124e+03   1.2840991e+03  -1.4838152e+03  -8.5492791e+02   1.5225260e+04   6.8820053e+02  -1.9946327e+03
  -2.0019490e+03  -4.5357109e+03  -3.8335906e+03  -2.9297461e+03  -2.1497836e+03  -1.2230285e+03  -1.3803333e+03  -1.6362370e+03  -6.0650163e+02  -1.1772707e+03  -2.3390506e+03  -1.3980352e+03   1.2473944e+03  -6.1169490e+02  -7.2948902e+02  -2.6571639e+03  -7.2808944e+02  -1.8063186e+01   3.5393747e+03   1.9366636e+03   7.7378271e+02  -1.1987597e+03   6.8820053e+02   1.9021002e+04   3.9538908e+03
  -3.9514628e+03  -1.3860638e+03  -2.4111083e+03  -2.5699077e+03   2.9806052e+02  -1.1625334e+02  -6.2955859e+02   2.3168707e+03   1.0943340e+02  -5.1827309e+03  -2.9675645e+03  -2.0318440e+03   1.9841439e+03  -8.6004628e+02  -7.8200653e+02  -9.9728093e+02  -6.8451439e+02   7.7875408e+01   3.1020469e+01  -1.4793675e+03  -1.7490059e+03  -2.2457375e+03  -1.9946327e+03   3.9538908e+03   2.3259362e+04
