0.0950360340527,0.0941591841902,0.107290250396,0.146870519717,0.107290250396,0.0941591841902,0.0950360340527,0.0941591841902,0.220570616227,0.188952485862,0.229402935925,0.188952485862,0.220570616227,0.0941591841902,0.107290250396,0.188952485862,0.438653165816,0.387481442119,0.438653165816,0.188952485862,0.107290250396,0.146870519717,0.229402935925,0.387481442119,0.33710266242,0.387481442119,0.229402935925,0.146870519717,0.107290250396,0.188952485862,0.438653165816,0.387481442119,0.438653165816,0.188952485862,0.107290250396,0.0941591841902,0.220570616227,0.188952485862,0.229402935925,0.188952485862,0.220570616227,0.0941591841902,0.0950360340527,0.0941591841902,0.107290250396,0.146870519717,0.107290250396,0.0941591841902,0.0950360340527