   4.8354549e+03   3.8776343e+02  -7.3701856e+02   1.4008859e+02   2.3899290e+02   3.4930563e+02   4.5233645e+02  -2.4628272e+02  -1.1847184e+02  -5.3415040e+01  -4.5263353e+01  -5.4941101e+00   2.9487607e+02  -2.8473616e+01  -6.5209779e+02  -1.2740891e+02  -4.4380152e+02  -1.5464063e+02  -1.4088962e+02  -3.0964128e+02  -1.8455963e+02  -7.4308536e+00  -2.3354849e+01   1.2019848e+01  -2.9725512e+02   9.2171373e+01   1.7153106e+02  -2.4346006e+02   1.9616056e+02  -1.5899096e+02  -3.0523043e+02  -1.8456511e+02  -1.3416137e+02  -1.2025190e+02  -2.4805228e+01  -3.7732774e+00   1.4405890e+02  -4.3991286e+01  -3.3054623e+02  -1.5853800e+02  -3.0869195e+02  -2.5342391e+02  -4.3658770e+02  -3.3298693e+02  -8.6595611e+01  -1.5173858e+02  -2.5570115e+01  -1.0247491e+02
   3.8776343e+02   5.6217860e+03  -4.4161433e+02  -1.1827594e+02   3.3310408e+02   5.1247426e+02   2.7118154e+02  -9.4703744e+02  -2.0962869e+02  -2.2461352e+01  -2.0485719e+00  -7.1658867e+00   2.6827126e+02   9.7414733e+02  -3.2779377e+02  -1.8414878e+01   9.0135872e+01  -1.0973816e+03  -6.0016347e+02  -7.7928127e+02  -1.8097822e+02   5.3997741e+01  -1.2320962e+01  -9.5864128e+00  -2.2882830e+02   2.5435146e+02  -5.1208036e+02  -4.0696046e+02   3.3153268e+02   8.5948039e+00  -4.6116750e+02  -4.0212506e+02  -3.4690721e+02  -1.2330160e+01   2.1300629e-01  -4.1755365e+01  -5.5658867e+01   4.0764499e+02  -5.1856092e+02  -1.7034065e+02   9.8597870e+01   5.0441875e+02  -7.6261207e+02  -6.4153252e+02  -4.2188252e+02  -1.6165031e+02  -4.7847184e+01  -6.9651928e+01
  -7.3701856e+02  -4.4161433e+02   6.7726865e+03  -4.9029450e+02   6.9454091e+02  -4.8919267e+02  -1.7433589e+03  -7.8309843e+02  -9.2963369e+01  -9.0290624e+01  -9.3119090e+01  -1.9539616e+01  -4.8467807e+01  -9.4828143e+01   1.3509043e+03   7.0196950e+02   1.5478828e+02  -5.2864999e+02  -1.8983177e+03  -1.0327826e+03   5.1996934e+01  -4.0540423e+01  -2.6421494e+01  -3.4211715e+00  -6.1292787e+02  -4.2578280e+02   9.5263353e+02   1.6295740e+02  -3.3850460e+02   1.7068570e+03  -1.2353542e+03  -1.8211305e+03  -2.2916121e+02  -7.8264644e+01  -5.4474423e+01  -7.9908504e+01  -5.9439616e+02  -5.4820929e+02   9.2493142e+00   1.5674405e+03   9.9980474e+02   1.0733855e+03  -4.2177312e+02  -1.6418139e+03  -4.1189802e+02  -7.2278845e+01  -4.2658544e+01   5.6906568e+01
   1.4008859e+02  -1.1827594e+02  -4.9029450e+02   5.5926668e+03  -1.8286590e+01  -7.7984541e+02  -6.3096498e+02  -5.5913878e+02  -3.2227045e+01  -1.0793432e+02  -1.6266258e+01   5.4195579e+00   1.9481588e+02  -5.4629869e+02   3.4414378e+02  -1.2314136e+02   8.1193319e+01   9.4705083e+02  -6.9672664e+02  -6.0961159e+02  -1.0731580e+02  -1.8366355e+02  -4.5413910e+01  -2.3380668e+01   6.9429563e+01   1.3637179e+02  -3.3774617e+02  -1.9038793e+02   1.0410263e+03   5.7927384e+02  -8.1648298e+02  -1.2064463e+03  -2.5960432e+02  -5.7258351e+01  -6.1865580e+01  -1.4575924e+01   3.3195579e+01   1.2344263e+02  -2.6932064e+02   1.4437518e+02   7.1488866e+02  -5.7329256e+02  -5.4563095e+02  -1.2058360e+03   3.5504438e+01  -1.1472099e+02  -2.2830079e+01  -2.0462353e+02
   2.3899290e+02   3.3310408e+02   6.9454091e+02  -1.8286590e+01   6.2134765e+03  -1.2483024e+02  -1.2972851e+03  -1.2872985e+03  -2.9715120e+02  -6.3963369e+01  -8.9689043e+01  -4.0702114e+01  -1.6150073e+02   3.8871793e+02   4.4497208e+02   5.3557964e+02  -8.4002743e+01  -9.7413910e+01  -1.4092259e+03  -1.6247342e+03  -2.4714217e+01  -1.3031112e+02  -7.5343876e+01  -1.6900274e+01  -2.7435501e+02   5.5754397e+02   1.5479022e+02   1.8644457e+02   8.0992868e+02   6.9348443e+02  -1.2953529e+03  -2.0149369e+03  -4.5107907e+02  -1.3075343e+02  -9.2094562e+01  -1.3273891e+02   1.8497886e+02   7.1982427e+02  -1.2581765e+02   5.3051638e+02   1.3126209e+03   5.7238228e+02  -8.4014797e+02  -2.2717636e+03  -4.8182185e+02  -2.0627191e+02  -4.8669356e+01  -2.9892270e+02
   3.4930563e+02   5.1247426e+02  -4.8919267e+02  -7.7984541e+02  -1.2483024e+02   5.7061472e+03   5.1631935e+02   3.1577699e+01   2.4735840e+01  -9.6222366e+00  -2.7612554e+01   1.7904631e+01   9.4176214e+00   1.5177828e+02  -1.2683892e+03  -3.2613248e+02  -8.4200097e+01   1.9004421e+02   2.4981556e+02   2.3215056e+02   4.2198322e+01   4.1483137e+01   6.2113926e+00   2.2979990e+01   4.1328159e+02   2.4326626e+02  -9.1724270e+02  -1.2084549e+03  -8.8220252e+02  -1.2844888e+03  -1.0603599e+02   5.1160223e+02   5.8585445e+01   8.6749879e+01  -1.0838632e+01  -3.2602550e+01   1.2704631e+02   1.7006439e+02  -4.6575827e+02  -1.4718641e+03  -8.9300161e+02   7.4589963e+01   5.6632419e+02   2.4859658e+02  -5.4123124e+01   7.2931580e+01  -1.8236243e+00  -7.6009037e+01
   4.5233645e+02   2.7118154e+02  -1.7433589e+03  -6.3096498e+02  -1.2972851e+03   5.1631935e+02   5.8418980e+03   6.8082814e+02  -1.6403260e+01   2.6877844e+01   7.4333064e+01   2.4566080e+01  -1.0843150e+02  -2.4272454e+02  -1.3666999e+03  -1.0260123e+03  -4.0507455e+02  -8.2395449e+02   1.9049781e+03   7.6692868e+02   3.6707762e+01   1.3101549e+02   4.0772309e+01  -1.0407455e+01   6.4382266e+02  -3.4981443e+01  -9.2687752e+02  -1.1942711e+03  -1.4989384e+03  -2.0753644e+03   1.2932914e+03   2.1137147e+03  -4.3207681e+01   4.4068097e+00   7.2253671e+01   1.4203679e+02  -9.3391964e+00  -1.7342279e+02  -2.5868001e+01  -7.8437841e+02  -1.7552425e+03  -8.7872858e+02   1.3106256e+03   2.2293658e+03   1.7194449e+01   1.7531644e+02   9.3809263e+01   2.6504179e+02
  -2.4628272e+02  -9.4703744e+02  -7.8309843e+02  -5.5913878e+02  -1.2872985e+03   3.1577699e+01   6.8082814e+02   3.5630221e+03   2.6288849e+02   5.7276747e+01   9.3472648e+01   3.2770373e+01  -5.6948346e+02  -3.0068614e+02  -1.1964752e+03  -3.9764725e+02  -4.2381959e+01   6.9427949e+01   1.2653681e+03   1.6179463e+03   2.0137938e+02   9.5975472e+01   7.5943844e+01   2.5061804e+01  -2.6013587e+02  -7.9661272e+02  -1.7644392e+02  -4.4257076e+02  -1.0649309e+03  -9.9425641e+02   9.8103857e+02   2.1227851e+03   4.6857883e+02   1.1627255e+02   6.7598354e+01   1.2994175e+02  -6.6929627e+02  -6.4599726e+02  -4.0737567e+02  -3.9198419e+02  -1.3823660e+03  -6.1659642e+02   1.6192609e+02   2.6535041e+03   4.7627546e+02   1.8108230e+02   8.7802001e+01   1.7535049e+02
  -1.1847184e+02  -2.0962869e+02  -9.2963369e+01  -3.2227045e+01  -2.9715120e+02   2.4735840e+01  -1.6403260e+01   2.6288849e+02   1.2896792e+03   3.0888817e+01  -1.0627723e+00   1.5231564e+00  -1.7291189e+02  -2.2108601e+01  -1.4894610e+02   1.1337583e+01   7.2999516e+01  -7.7789253e+00   5.7077780e+01   2.7075278e+02   9.4991609e+01   2.2415685e+01   6.0569630e+00   3.8999516e+00  -1.0159206e+02  -3.5166871e+02  -6.9213490e+01  -8.1274488e+01   7.7987413e+01  -2.6644392e+02   3.9820074e+01   2.2501113e+02   7.3927223e+01   7.8749395e+01   1.0806842e+01  -4.0127481e+00  -1.0476844e+02  -4.7678070e+01  -2.2791351e+01  -1.7732064e+02  -1.7800807e+02  -2.8605019e+02   4.1620946e+01   3.3598289e+02   1.5738438e+02   5.6657899e+01   2.8818783e+00   3.4954817e+01
  -5.3415040e+01  -2.2461352e+01  -9.0290624e+01  -1.0793432e+02  -6.3963369e+01  -9.6222366e+00   2.6877844e+01   5.7276747e+01   3.0888817e+01   5.1059577e+02  -6.5504276e+00  -2.8599322e+00   3.2093916e+01  -9.8520252e+00  -2.4722769e+01  -5.5299500e+01  -1.8978538e+01  -2.5467646e+01   1.9885106e+01   6.9626594e+01   6.7053413e+00   2.2904631e+01   9.8079716e+00   5.1021462e+00  -5.7751977e+01  -8.1020494e+01  -4.4535259e+01  -5.3831047e+01  -1.0441988e+01  -7.1319348e+01   5.3643376e+01   1.3450637e+02   4.9559787e+01   4.7768275e+00   4.5633371e+00   3.8984993e+00   9.4006777e+00   1.0727772e+01  -3.6250121e+01  -7.7451670e+01  -1.3197563e+02  -2.7108440e+01  -1.9525577e-01   1.4409166e+02   3.5959174e+01   1.6833145e+01   1.5236727e+01   5.3364531e+00
  -4.5263353e+01  -2.0485719e+00  -9.3119090e+01  -1.6266258e+01  -8.9689043e+01  -2.7612554e+01   7.4333064e+01   9.3472648e+01  -1.0627723e+00  -6.5504276e+00   3.1298822e+02  -1.4056802e+00   1.2700339e+01  -9.7350331e+00  -1.9853639e+01  -2.8137163e+01   9.5346135e+00  -4.8806842e+01   6.9438761e+01   7.0675972e+01   1.5999677e+00   3.2785219e+00   1.2427142e+01   1.1534614e+00   1.7832338e+01  -4.6187187e+01  -6.2235437e+01  -4.9874133e+01  -7.4100048e+01  -1.1675940e+02   7.8364693e+01   1.7770389e+02   1.0703566e+01   3.4182669e+00   8.3107955e+00  -5.8851057e-01  -1.5056802e+01   7.4820074e+00   1.5815717e+00  -7.6574310e+01  -1.3942311e+02  -1.3911731e+01   2.6023883e+00   1.2822301e+02   2.0516863e+01   2.4602227e+00   8.4456995e+00   2.2230595e+01
  -5.4941101e+00  -7.1658867e+00  -1.9539616e+01   5.4195579e+00  -4.0702114e+01   1.7904631e+01   2.4566080e+01   3.2770373e+01   1.5231564e+00  -2.8599322e+00  -1.4056802e+00   6.6275617e+01   2.9267387e+00  -1.0902372e+01  -3.8260933e+01  -2.2990157e+00   2.9454575e+00   2.4108440e-01   2.3096498e+01   5.0813619e+01   1.2387930e+01  -4.8328223e+00   7.5116992e-01  -6.0545425e-01   2.2944973e+00  -1.6008068e+01  -2.2053252e+01  -1.1925609e+01  -4.0418106e+01  -4.9015491e+01   3.0395030e+01   4.0254478e+01   2.5133774e+01   1.4318218e+00  -7.6246571e-01   8.9704696e-01   1.4756172e+01  -1.5729224e+01  -1.6492174e+01  -3.7919961e+00  -5.9242375e+01  -9.9875746e+00  -1.6706794e+01   5.3406164e+01   1.1306761e+01   1.1232855e+00   6.9162498e-01   8.2426981e+00
   2.9487607e+02   2.6827126e+02  -4.8467807e+01   1.9481588e+02  -1.6150073e+02   9.4176214e+00  -1.0843150e+02  -5.6948346e+02  -1.7291189e+02   3.2093916e+01   1.2700339e+01   2.9267387e+00   5.8696237e+03  -6.5728707e+02  -3.9657818e+02  -4.0064547e+01  -1.1986606e+02   9.8502663e+01  -6.5885235e+02  -6.6327013e+02  -3.3011780e+01  -6.8339519e+01  -2.1093110e+01   3.0133936e+00  -1.0719655e+02   2.5067662e+02  -6.3934323e+01   6.7941585e+01   1.3748233e+02   4.0819106e+01  -1.0158872e+03  -9.0708052e+02  -1.8719832e+02  -1.0033258e+02  -4.6559626e+01   4.1936421e+00   3.3267387e+01  -3.8206729e+02   2.6727368e+02   2.5237680e+02  -2.5343440e+02   3.2421801e+02  -4.4212829e+02  -8.8660094e+02  -1.3034501e+02  -1.2801872e+02  -5.3196708e+00  -1.7883266e+02
  -2.8473616e+01   9.7414733e+02  -9.4828143e+01  -5.4629869e+02   3.8871793e+02   1.5177828e+02  -2.4272454e+02  -3.0068614e+02  -2.2108601e+01  -9.8520252e+00  -9.7350331e+00  -1.0902372e+01  -6.5728707e+02   5.3558209e+03   2.7929692e+02   5.2948249e+02  -5.8275117e+02  -1.2636324e+03  -7.5397870e+02  -6.9293077e+02  -1.5268695e+02  -4.6620946e+00   1.1720994e+01  -4.5751170e+00  -1.0268081e+02   5.9371728e+02   1.1473406e+02  -1.2291335e+02  -2.2053042e+02   5.0617718e+02  -2.4451815e+02  -5.3172309e+02  -9.8592545e+01  -6.7188962e+01  -2.0716798e+01  -3.5447475e+01  -1.6902372e+02  -7.7147200e+02  -6.4124576e+02   9.8808456e+01   7.7814717e+02   7.6679538e+02  -3.5016605e+02  -7.6420800e+02  -3.0957108e+02  -1.3116008e+02  -4.6285461e+01  -1.3077586e+02
  -6.5209779e+02  -3.2779377e+02   1.3509043e+03   3.4414378e+02   4.4497208e+02  -1.2683892e+03  -1.3666999e+03  -1.1964752e+03  -1.4894610e+02  -2.4722769e+01  -1.9853639e+01  -3.8260933e+01  -3.9657818e+02   2.7929692e+02   6.4746610e+03   1.1440741e+03  -6.2869130e-01  -1.4165643e+03  -1.3646569e+03  -1.2203850e+03  -3.6356398e+02  -6.7830402e+01  -1.3690657e+01  -2.1262869e+01  -4.0388946e+02  -1.2209892e+02   1.2057471e+03   1.4105320e+03  -4.6345974e+01   9.3749008e+02  -1.0349969e+03  -1.6765401e+03  -3.7617993e+02  -4.9785864e+01   1.4152170e+01  -6.6222204e+01  -3.5560933e+02   1.2307972e+02   4.9096595e+02   6.1493013e+02   1.0581885e+03   2.8549234e+02  -4.7426529e+02  -1.9178804e+03  -3.3581911e+02  -1.4460852e+02  -5.0400678e+01  -6.3344522e+01
  -1.2740891e+02  -1.8414878e+01   7.0196950e+02  -1.2314136e+02   5.3557964e+02  -3.2613248e+02  -1.0260123e+03  -3.9764725e+02   1.1337583e+01  -5.5299500e+01  -2.8137163e+01  -2.2990157e+00  -4.0064547e+01   5.2948249e+02   1.1440741e+03   6.4077454e+03   7.5978377e+01  -7.8979200e+02  -8.1819251e+02  -3.4537567e+02  -6.1041472e+01   9.7900597e+01  -9.1223173e+00   6.1978377e+00  -3.6844538e+02  -2.0535743e+01   5.2646410e+02   6.5073955e+02   1.7543779e+02   7.8171373e+01  -1.0983700e+03  -1.0485027e+03   9.0826206e+00  -4.4527029e+01  -4.6277231e+00  -3.5236082e+01  -9.4799016e+02  -3.1162046e+02  -1.7968033e+02  -2.7798854e+02   1.1930628e+02   8.8342504e+02  -1.3389311e+03  -1.7074307e+03  -9.9831047e+01  -9.6613845e+01  -1.3276101e+01  -2.1068485e+02
  -4.4380152e+02   9.0135872e+01   1.5478828e+02   8.1193319e+01  -8.4002743e+01  -8.4200097e+01  -4.0507455e+02  -4.2381959e+01   7.2999516e+01  -1.8978538e+01   9.5346135e+00   2.9454575e+00  -1.1986606e+02  -5.8275117e+02  -6.2869130e-01   7.5978377e+01   5.4053949e+03  -5.4765661e+02   4.4022446e+02  -1.7020494e+01   9.4511054e+01   3.5606261e+01  -3.7961917e+00   7.9394868e+00  -4.1907584e+02  -4.4888333e+01  -5.0786300e+02   1.6189043e+02   6.1226658e+02  -9.4490560e+02  -5.6690721e+02   3.7991802e+02   4.0028562e+01  -2.4256414e+01   2.8552525e+01  -1.1935130e+01  -3.3554543e+02  -3.2258754e+02  -3.0818832e+02  -2.0579877e+02  -4.9808553e+02  -7.7573197e+02  -7.2781798e+02  -2.5381314e+01   2.4474423e+01   4.0373729e+01  -4.6520897e+00  -5.8478941e+01
  -1.5464063e+02  -1.0973816e+03  -5.2864999e+02   9.4705083e+02  -9.7413910e+01   1.9004421e+02  -8.2395449e+02   6.9427949e+01  -7.7789253e+00  -2.5467646e+01  -4.8806842e+01   2.4108440e-01   9.8502663e+01  -1.2636324e+03  -1.4165643e+03  -7.8979200e+02  -5.4765661e+02   7.5705177e+03  -1.7083831e+02   5.0602550e+02  -4.2714539e+01  -4.9525900e+01  -2.2072454e+01   6.6343392e+00  -7.0031628e+01  -1.2327901e+01  -4.2556414e+02  -3.9629676e+02   1.5092819e+02   1.0538904e+03   6.3929401e+02  -4.3789802e+02  -4.6043408e+01   3.4429240e+01  -4.7986606e+01  -2.6624012e+01   4.7041084e+02   2.4864434e+02  -8.6200194e+02  -9.8822672e+02  -2.0861013e+02  -1.2597350e+03   6.9875908e+01  -3.8453348e+02   2.2834678e+02  -2.9669679e+01  -7.2123608e+00  -8.5616750e+01
  -1.4088962e+02  -6.0016347e+02  -1.8983177e+03  -6.9672664e+02  -1.4092259e+03   2.4981556e+02   1.9049781e+03   1.2653681e+03   5.7077780e+01   1.9885106e+01   6.9438761e+01   2.3096498e+01  -6.5885235e+02  -7.5397870e+02  -1.3646569e+03  -8.1819251e+02   4.4022446e+02  -1.7083831e+02   5.6446029e+03   1.4189593e+03   5.7557366e+01   7.9927384e+01   4.1254801e+01  -2.2775537e+00   1.1151880e+02  -6.2827449e+02  -1.0320116e+03  -9.2272922e+02  -1.2781640e+03  -2.1481670e+03   1.9367589e+03   2.7928373e+03   2.8441101e+02   6.9530579e+01   6.0560917e+01   9.7577538e+01  -1.4003502e+02  -2.0026819e+02   3.8256253e+01  -1.2116637e+03  -1.7419256e+03  -1.0673973e+03   6.6975488e+02   2.8205977e+03   3.4277602e+02   1.3295417e+02   4.2769082e+01   2.8061659e+02
  -3.0964128e+02  -7.7928127e+02  -1.0327826e+03  -6.0961159e+02  -1.6247342e+03   2.3215056e+02   7.6692868e+02   1.6179463e+03   2.7075278e+02   6.9626594e+01   7.0675972e+01   5.0813619e+01  -6.6327013e+02  -6.9293077e+02  -1.2203850e+03  -3.4537567e+02  -1.7020494e+01   5.0602550e+02   1.4189593e+03   3.4148678e+03   2.0731144e+02   1.4526400e+02   3.8078102e+01   8.0979506e+00  -2.2006390e+02  -5.7364208e+02  -4.3103776e+02  -4.3361998e+02  -1.1385328e+03  -1.1587928e+03   1.2687165e+03   2.4384714e+03   5.6058577e+02   1.5172438e+02   4.7822979e+01   1.0712700e+02  -7.9886381e+02  -5.1137163e+02  -6.9167178e+01  -7.2790705e+02  -1.4170082e+03  -6.6279119e+02   2.9095336e+02   2.3589426e+03   4.8627207e+02   2.4585106e+02   4.6999516e+01   1.8575391e+02
  -1.8455963e+02  -1.8097822e+02   5.1996934e+01  -1.0731580e+02  -2.4714217e+01   4.2198322e+01   3.6707762e+01   2.0137938e+02   9.4991609e+01   6.7053413e+00   1.5999677e+00   1.2387930e+01  -3.3011780e+01  -1.5268695e+02  -3.6356398e+02  -6.1041472e+01   9.4511054e+01  -4.2714539e+01   5.7557366e+01   2.0731144e+02   1.3655249e+03  -9.1581410e+00  -6.4673229e+00   1.8951105e+01   3.2018719e+01  -1.2439777e+02  -2.6762530e+02  -1.9023253e+02  -3.2712603e+01  -1.9736372e+02  -6.4725028e+01   3.3724576e+02   1.4049508e+02   4.9888817e+01   1.9104405e+00   1.1124415e+01  -1.3512070e+02  -2.6850734e+01  -1.3626416e+02  -2.7184541e+02  -3.0914910e+02  -1.2468743e+02   1.1155075e+01   3.6372390e+02   1.6022333e+02  -4.5220268e+00  -4.3028885e+00   4.9365015e+01
  -7.4308536e+00   5.3997741e+01  -4.0540423e+01  -1.8366355e+02  -1.3031112e+02   4.1483137e+01   1.3101549e+02   9.5975472e+01   2.2415685e+01   2.2904631e+01   3.2785219e+00  -4.8328223e+00  -6.8339519e+01  -4.6620946e+00  -6.7830402e+01   9.7900597e+01   3.5606261e+01  -4.9525900e+01   7.9927384e+01   1.4526400e+02  -9.1581410e+00   4.2675714e+02   1.2996611e+01   2.9606261e+00   2.0457318e+01  -9.2218009e+01  -6.9638858e+01  -1.3224996e+02  -1.7823721e+02  -1.2305858e+02   2.2993707e+01   2.3405599e+02   2.5474584e+01   7.5078264e+00   1.1898177e+01   2.0298209e+01  -2.8328223e+01  -8.8163628e+01  -3.4298532e+01  -1.3811974e+02  -1.8522898e+02   6.3515733e+01   2.9702437e+01   1.6275456e+02   3.6286913e+00   2.1091173e+01   3.9277070e+00   3.3917702e+01
  -2.3354849e+01  -1.2320962e+01  -2.6421494e+01  -4.5413910e+01  -7.5343876e+01   6.2113926e+00   4.0772309e+01   7.5943844e+01   6.0569630e+00   9.8079716e+00   1.2427142e+01   7.5116992e-01  -2.1093110e+01   1.1720994e+01  -1.3690657e+01  -9.1223173e+00  -3.7961917e+00  -2.2072454e+01   4.1254801e+01   3.8078102e+01  -6.4673229e+00   1.2996611e+01   2.0101856e+02  -8.7961917e-01  -1.1742456e+01  -1.4472809e+01  -1.2120542e+01  -3.2440697e+01  -1.6700984e+01  -4.7107794e+01   2.1748749e+01   1.0931241e+02   1.7639180e+01  -1.4952396e+00   6.3195094e+00   8.3669518e+00  -2.5488301e+01  -1.4532516e+01  -4.5841375e+01  -6.8010973e+01  -8.9603195e+01  -8.7187349e-01  -4.4181055e+00   1.0320123e+02   1.4176214e+01   1.0245280e+00  -1.2707762e+00   2.0022107e+01
   1.2019848e+01  -9.5864128e+00  -3.4211715e+00  -2.3380668e+01  -1.6900274e+01   2.2979990e+01  -1.0407455e+01   2.5061804e+01   3.8999516e+00   5.1021462e+00   1.1534614e+00  -6.0545425e-01   3.0133936e+00  -4.5751170e+00  -2.1262869e+01   6.1978377e+00   7.9394868e+00   6.6343392e+00  -2.2775537e+00   8.0979506e+00   1.8951105e+01   2.9606261e+00  -8.7961917e-01   5.5493949e+01   3.2992416e+01  -2.1588833e+01  -2.6686300e+01   4.6890431e+00  -7.5733419e+00  -2.1490560e+01   4.5092787e+00   2.1391802e+01   4.9028562e+00   2.6743586e+00  -3.1447475e+00  -1.5935130e+00  -6.0545425e+00  -2.7758754e+01   8.1168307e-02  -1.8079877e+01  -3.3008553e+01  -1.4273197e+01  -1.3817976e+00   2.1861869e+01   1.3047442e+01   2.3737292e-01   2.2347910e+00  -1.6478941e+00
  -2.9725512e+02  -2.2882830e+02  -6.1292787e+02   6.9429563e+01  -2.7435501e+02   4.1328159e+02   6.4382266e+02  -2.6013587e+02  -1.0159206e+02  -5.7751977e+01   1.7832338e+01   2.2944973e+00  -1.0719655e+02  -1.0268081e+02  -4.0388946e+02  -3.6844538e+02  -4.1907584e+02  -7.0031628e+01   1.1151880e+02  -2.2006390e+02   3.2018719e+01   2.0457318e+01  -1.1742456e+01   3.2992416e+01   4.5492438e+03  -2.3143134e+02  -2.3244683e+02   7.9969340e+00  -3.3897192e+02  -5.6754817e+02   4.3847830e+02   1.2674439e+02  -1.2906842e+02  -3.3594804e+01   7.3858319e-01   3.8336130e+01   1.5094497e+02  -4.1256431e+02   6.7688398e+01  -3.0290011e+02  -5.6359739e+02  -4.6719574e+02   5.3361481e+02  -5.1346458e+01   1.4221946e+02  -7.5929159e+01  -5.0572858e-01   4.1254639e+01
   9.2171373e+01   2.5435146e+02  -4.2578280e+02   1.3637179e+02   5.5754397e+02   2.4326626e+02  -3.4981443e+01  -7.9661272e+02  -3.5166871e+02  -8.1020494e+01  -4.6187187e+01  -1.6008068e+01   2.5067662e+02   5.9371728e+02  -1.2209892e+02  -2.0535743e+01  -4.4888333e+01  -1.2327901e+01  -6.2827449e+02  -5.7364208e+02  -1.2439777e+02  -9.2218009e+01  -1.4472809e+01  -2.1588833e+01  -2.3143134e+02   5.1449159e+03  -3.1275488e+02  -2.3168485e+02   6.8790334e+02   3.0239858e+02  -9.1116379e+02  -9.8256834e+02  -2.0554607e+02  -2.1786042e+02  -3.5444893e+01  -6.4392771e+01   2.5491932e+02   4.0174149e+02  -7.0012845e+02  -1.1937260e+02   6.5719445e+02   2.3590947e+02  -1.1095648e+03  -9.8838777e+02  -1.6766355e+02  -1.7975537e+02  -8.0753268e+01  -1.4491109e+02
   1.7153106e+02  -5.1208036e+02   9.5263353e+02  -3.3774617e+02   1.5479022e+02  -9.1724270e+02  -9.2687752e+02  -1.7644392e+02  -6.9213490e+01  -4.4535259e+01  -6.2235437e+01  -2.2053252e+01  -6.3934323e+01   1.1473406e+02   1.2057471e+03   5.2646410e+02  -5.0786300e+02  -4.2556414e+02  -1.0320116e+03  -4.3103776e+02  -2.6762530e+02  -6.9638858e+01  -1.2120542e+01  -2.6686300e+01  -2.3244683e+02  -3.1275488e+02   5.4814178e+03   8.1668001e+02  -2.0443795e+02   5.8563063e+02  -8.0608101e+02  -7.9615104e+02   4.5959335e+00  -7.9078748e+01  -1.5336292e+01  -3.9392287e+01  -4.4753252e+02  -7.6110618e+02   2.3295223e+02   4.0474084e+02   6.5628336e+02   2.1920252e+02  -5.0572761e+02  -6.5915927e+02  -3.0377941e+02  -6.9185412e+01  -1.5571567e+01  -1.4921317e+02
  -2.4346006e+02  -4.0696046e+02   1.6295740e+02  -1.9038793e+02   1.8644457e+02  -1.2084549e+03  -1.1942711e+03  -4.4257076e+02  -8.1274488e+01  -5.3831047e+01  -4.9874133e+01  -1.1925609e+01   6.7941585e+01  -1.2291335e+02   1.4105320e+03   6.5073955e+02   1.6189043e+02  -3.9629676e+02  -9.2272922e+02  -4.3361998e+02  -1.9023253e+02  -1.3224996e+02  -3.2440697e+01   4.6890431e+00   7.9969340e+00  -2.3168485e+02   8.1668001e+02   5.0968743e+03   2.1015120e+02   1.5152509e+02  -5.0638987e+02  -8.6947991e+02  -4.0805228e+01  -7.1386961e+01  -4.0718089e+01  -4.5218654e+01  -4.0825609e+02   1.8986348e+02   3.6722430e+02   5.6509537e+02   1.2350718e+02  -7.1302533e+02  -1.7779264e+02  -9.6720478e+02  -1.1800210e+02  -1.6109553e+02  -6.3734872e+01  -3.6559787e+01
   1.9616056e+02   3.3153268e+02  -3.3850460e+02   1.0410263e+03   8.0992868e+02  -8.8220252e+02  -1.4989384e+03  -1.0649309e+03   7.7987413e+01  -1.0441988e+01  -7.4100048e+01  -4.0418106e+01   1.3748233e+02  -2.2053042e+02  -4.6345974e+01   1.7543779e+02   6.1226658e+02   1.5092819e+02  -1.2781640e+03  -1.1385328e+03  -3.2712603e+01  -1.7823721e+02  -1.6700984e+01  -7.5733419e+00  -3.3897192e+02   6.8790334e+02  -2.0443795e+02   2.1015120e+02   7.7969311e+03   7.0045441e+02  -1.4895875e+03  -2.1061314e+03  -4.0625738e+02  -7.1666774e+01  -7.3634339e+01  -1.4031338e+02  -3.6118106e+02   3.7572390e+02  -5.9789624e+02  -4.1768114e+01   1.1457763e+03   1.2196886e+02  -8.8226739e+02  -1.8689142e+03  -2.3466500e+02  -1.7728304e+02  -3.8954333e+01  -2.9045248e+02
  -1.5899096e+02   8.5948039e+00   1.7068570e+03   5.7927384e+02   6.9348443e+02  -1.2844888e+03  -2.0753644e+03  -9.9425641e+02  -2.6644392e+02  -7.1319348e+01  -1.1675940e+02  -4.9015491e+01   4.0819106e+01   5.0617718e+02   9.3749008e+02   7.8171373e+01  -9.4490560e+02   1.0538904e+03  -2.1481670e+03  -1.1587928e+03  -1.9736372e+02  -1.2305858e+02  -4.7107794e+01  -2.1490560e+01  -5.6754817e+02   3.0239858e+02   5.8563063e+02   1.5152509e+02   7.0045441e+02   7.3335653e+03  -1.1189145e+03  -2.8331712e+03  -2.8280846e+02  -1.6913200e+02  -9.0334194e+01  -1.3251412e+02   3.0184509e+02   4.6322366e+02  -1.6268662e+02   5.1152461e+02   2.2385733e+03   5.9878619e+02  -1.0380844e+03  -2.4086645e+03  -3.9595401e+02  -3.2329030e+02  -1.1496627e+02  -2.2318929e+02
  -3.0523043e+02  -4.6116750e+02  -1.2353542e+03  -8.1648298e+02  -1.2953529e+03  -1.0603599e+02   1.2932914e+03   9.8103857e+02   3.9820074e+01   5.3643376e+01   7.8364693e+01   3.0395030e+01  -1.0158872e+03  -2.4451815e+02  -1.0349969e+03  -1.0983700e+03  -5.6690721e+02   6.3929401e+02   1.9367589e+03   1.2687165e+03  -6.4725028e+01   2.2993707e+01   2.1748749e+01   4.5092787e+00   4.3847830e+02  -9.1116379e+02  -8.0608101e+02  -5.0638987e+02  -1.4895875e+03  -1.1189145e+03   6.1948191e+03   2.1208659e+03   1.7861562e+02   1.0536598e+02  -1.2978054e+01   8.8110053e+01   7.3950299e+01  -6.9770324e+02   6.6100888e+02  -1.5868775e+03  -1.5011202e+03  -1.6150478e+03   1.4206521e+03   2.0219451e+03   1.8132726e+02   1.8090269e+02   1.0063999e+02   2.7632677e+02
  -1.8456511e+02  -4.0212506e+02  -1.8211305e+03  -1.2064463e+03  -2.0149369e+03   5.1160223e+02   2.1137147e+03   2.1227851e+03   2.2501113e+02   1.3450637e+02   1.7770389e+02   4.0254478e+01  -9.0708052e+02  -5.3172309e+02  -1.6765401e+03  -1.0485027e+03   3.7991802e+02  -4.3789802e+02   2.7928373e+03   2.4384714e+03   3.3724576e+02   2.3405599e+02   1.0931241e+02   2.1391802e+01   1.2674439e+02  -9.8256834e+02  -7.9615104e+02  -8.6947991e+02  -2.1061314e+03  -2.8331712e+03   2.1208659e+03   6.7498854e+03   6.2634307e+02   2.2589753e+02   1.5729192e+02   2.1150799e+02  -1.0734552e+03  -4.3748653e+02   1.0833129e+02  -1.8356282e+03  -3.0750329e+03  -1.3141648e+03   1.0938135e+03   4.1697702e+03   5.0308827e+02   4.2540423e+02   1.6099806e+02   4.2001565e+02
  -1.3416137e+02  -3.4690721e+02  -2.2916121e+02  -2.5960432e+02  -4.5107907e+02   5.8585445e+01  -4.3207681e+01   4.6857883e+02   7.3927223e+01   4.9559787e+01   1.0703566e+01   2.5133774e+01  -1.8719832e+02  -9.8592545e+01  -3.7617993e+02   9.0826206e+00   4.0028562e+01  -4.6043408e+01   2.8441101e+02   5.6058577e+02   1.4049508e+02   2.5474584e+01   1.7639180e+01   4.9028562e+00  -1.2906842e+02  -2.0554607e+02   4.5959335e+00  -4.0805228e+01  -4.0625738e+02  -2.8280846e+02   1.7861562e+02   6.2634307e+02   1.5992939e+03   6.7785703e+01   1.3963208e+00   3.5752138e+01  -2.5066226e+02  -1.3199387e+02  -1.5631031e+02  -9.7082298e+01  -5.2952396e+02  -1.8203905e+02  -1.8863579e+02   7.3600920e+02   2.7332161e+02   1.1218396e+02  -7.0308214e+00   2.4665806e+01
  -1.2025190e+02  -1.2330160e+01  -7.8264644e+01  -5.7258351e+01  -1.3075343e+02   8.6749879e+01   4.4068097e+00   1.1627255e+02   7.8749395e+01   4.7768275e+00   3.4182669e+00   1.4318218e+00  -1.0033258e+02  -6.7188962e+01  -4.9785864e+01  -4.4527029e+01  -2.4256414e+01   3.4429240e+01   6.9530579e+01   1.5172438e+02   4.9888817e+01   7.5078264e+00  -1.4952396e+00   2.6743586e+00  -3.3594804e+01  -2.1786042e+02  -7.9078748e+01  -7.1386961e+01  -7.1666774e+01  -1.6913200e+02   1.0536598e+02   2.2589753e+02   6.7785703e+01   6.7292948e+02  -1.3093432e+00   5.5810876e+00  -6.3681782e+01  -6.6484428e+01  -3.1485396e+01  -1.5049847e+02  -1.6060691e+02  -1.4391496e+02   7.8227529e+01   2.5027336e+02   7.9593029e+01   2.5467162e+01   9.4348878e+00   1.5401323e+01
  -2.4805228e+01   2.1300629e-01  -5.4474423e+01  -6.1865580e+01  -9.2094562e+01  -1.0838632e+01   7.2253671e+01   6.7598354e+01   1.0806842e+01   4.5633371e+00   8.3107955e+00  -7.6246571e-01  -4.6559626e+01  -2.0716798e+01   1.4152170e+01  -4.6277231e+00   2.8552525e+01  -4.7986606e+01   6.0560917e+01   4.7822979e+01   1.9104405e+00   1.1898177e+01   6.3195094e+00  -3.1447475e+00   7.3858319e-01  -3.5444893e+01  -1.5336292e+01  -4.0718089e+01  -7.3634339e+01  -9.0334194e+01  -1.2978054e+01   1.5729192e+02   1.3963208e+00  -1.3093432e+00   3.4245764e+02   6.8831693e+00  -1.6624657e+01  -1.4429401e+01  -2.4138454e+01  -5.0710666e+01  -1.2212458e+02  -2.3054865e+01   4.4627400e+01   1.1485590e+02   4.2948201e+00   5.1179603e+00   1.1816201e+01   2.5902372e+01
  -3.7732774e+00  -4.1755365e+01  -7.9908504e+01  -1.4575924e+01  -1.3273891e+02  -3.2602550e+01   1.4203679e+02   1.2994175e+02  -4.0127481e+00   3.8984993e+00  -5.8851057e-01   8.9704696e-01   4.1936421e+00  -3.5447475e+01  -6.6222204e+01  -3.5236082e+01  -1.1935130e+01  -2.6624012e+01   9.7577538e+01   1.0712700e+02   1.1124415e+01   2.0298209e+01   8.3669518e+00  -1.5935130e+00   3.8336130e+01  -6.4392771e+01  -3.9392287e+01  -4.5218654e+01  -1.4031338e+02  -1.3251412e+02   8.8110053e+01   2.1150799e+02   3.5752138e+01   5.5810876e+00   6.8831693e+00   2.8570825e+02  -1.1029530e+01  -9.5138615e+01   1.2040988e+01  -4.2034371e+01  -1.7791883e+02  -3.7275133e+01  -1.9206713e+01   1.6529208e+02   4.1493142e+01  -4.1584638e+00   1.2828304e+01   2.2054543e+01
   1.4405890e+02  -5.5658867e+01  -5.9439616e+02   3.3195579e+01   1.8497886e+02   1.2704631e+02  -9.3391964e+00  -6.6929627e+02  -1.0476844e+02   9.4006777e+00  -1.5056802e+01   1.4756172e+01   3.3267387e+01  -1.6902372e+02  -3.5560933e+02  -9.4799016e+02  -3.3554543e+02   4.7041084e+02  -1.4003502e+02  -7.9886381e+02  -1.3512070e+02  -2.8328223e+01  -2.5488301e+01  -6.0545425e+00   1.5094497e+02   2.5491932e+02  -4.4753252e+02  -4.0825609e+02  -3.6118106e+02   3.0184509e+02   7.3950299e+01  -1.0734552e+03  -2.5066226e+02  -6.3681782e+01  -1.6624657e+01  -1.1029530e+01   6.4395617e+03  -3.9329224e+02   3.6207826e+02  -1.5191996e+02   9.7576247e+01  -2.8887575e+02   3.6293206e+02  -7.3693836e+02  -1.5593239e+02  -1.5276715e+02  -1.4083750e+01   3.5426981e+01
  -4.3991286e+01   4.0764499e+02  -5.4820929e+02   1.2344263e+02   7.1982427e+02   1.7006439e+02  -1.7342279e+02  -6.4599726e+02  -4.7678070e+01   1.0727772e+01   7.4820074e+00  -1.5729224e+01  -3.8206729e+02  -7.7147200e+02   1.2307972e+02  -3.1162046e+02  -3.2258754e+02   2.4864434e+02  -2.0026819e+02  -5.1137163e+02  -2.6850734e+01  -8.8163628e+01  -1.4532516e+01  -2.7758754e+01  -4.1256431e+02   4.0174149e+02  -7.6110618e+02   1.8986348e+02   3.7572390e+02   4.6322366e+02  -6.9770324e+02  -4.3748653e+02  -1.3199387e+02  -6.6484428e+01  -1.4429401e+01  -9.5138615e+01  -3.9329224e+02   5.3537157e+03  -4.7776924e+02  -1.9881556e+02   2.2687429e+02   3.9775811e+02  -4.0304567e+02  -5.3042650e+02  -1.5549137e+02  -1.5452993e+02  -5.3603356e+00  -6.8503954e+01
  -3.3054623e+02  -5.1856092e+02   9.2493142e+00  -2.6932064e+02  -1.2581765e+02  -4.6575827e+02  -2.5868001e+01  -4.0737567e+02  -2.2791351e+01  -3.6250121e+01   1.5815717e+00  -1.6492174e+01   2.6727368e+02  -6.4124576e+02   4.9096595e+02  -1.7968033e+02  -3.0818832e+02  -8.6200194e+02   3.8256253e+01  -6.9167178e+01  -1.3626416e+02  -3.4298532e+01  -4.5841375e+01   8.1168307e-02   6.7688398e+01  -7.0012845e+02   2.3295223e+02   3.6722430e+02  -5.9789624e+02  -1.6268662e+02   6.6100888e+02   1.0833129e+02  -1.5631031e+02  -3.1485396e+01  -2.4138454e+01   1.2040988e+01   3.6207826e+02  -4.7776924e+02   5.6101646e+03  -9.8672858e+02   1.3086138e+02  -5.6252219e+02   1.0525478e+03  -5.4965386e+02  -2.2547636e+02  -4.7077295e+01  -1.1949330e+01   9.2423753e+01
  -1.5853800e+02  -1.7034065e+02   1.5674405e+03   1.4437518e+02   5.3051638e+02  -1.4718641e+03  -7.8437841e+02  -3.9198419e+02  -1.7732064e+02  -7.7451670e+01  -7.6574310e+01  -3.7919961e+00   2.5237680e+02   9.8808456e+01   6.1493013e+02  -2.7798854e+02  -2.0579877e+02  -9.8822672e+02  -1.2116637e+03  -7.2790705e+02  -2.7184541e+02  -1.3811974e+02  -6.8010973e+01  -1.8079877e+01  -3.0290011e+02  -1.1937260e+02   4.0474084e+02   5.6509537e+02  -4.1768114e+01   5.1152461e+02  -1.5868775e+03  -1.8356282e+03  -9.7082298e+01  -1.5049847e+02  -5.0710666e+01  -4.2034371e+01  -1.5191996e+02  -1.9881556e+02  -9.8672858e+02   7.9249456e+03   1.3726871e+03   5.4519380e+02  -1.2364397e+03  -9.0822333e+02  -1.6877376e+02  -2.0846668e+02  -1.0190076e+02   4.0447797e+01
  -3.0869195e+02   9.8597870e+01   9.9980474e+02   7.1488866e+02   1.3126209e+03  -8.9300161e+02  -1.7552425e+03  -1.3823660e+03  -1.7800807e+02  -1.3197563e+02  -1.3942311e+02  -5.9242375e+01  -2.5343440e+02   7.7814717e+02   1.0581885e+03   1.1930628e+02  -4.9808553e+02  -2.0861013e+02  -1.7419256e+03  -1.4170082e+03  -3.0914910e+02  -1.8522898e+02  -8.9603195e+01  -3.3008553e+01  -5.6359739e+02   6.5719445e+02   6.5628336e+02   1.2350718e+02   1.1457763e+03   2.2385733e+03  -1.5011202e+03  -3.0750329e+03  -5.2952396e+02  -1.6060691e+02  -1.2212458e+02  -1.7791883e+02   9.7576247e+01   2.2687429e+02   1.3086138e+02   1.3726871e+03   6.3252412e+03   9.9980055e+02  -9.8796627e+02  -2.7146886e+03  -3.9209295e+02  -3.5977118e+02  -1.5486816e+02  -2.4264902e+02
  -2.5342391e+02   5.0441875e+02   1.0733855e+03  -5.7329256e+02   5.7238228e+02   7.4589963e+01  -8.7872858e+02  -6.1659642e+02  -2.8605019e+02  -2.7108440e+01  -1.3911731e+01  -9.9875746e+00   3.2421801e+02   7.6679538e+02   2.8549234e+02   8.8342504e+02  -7.7573197e+02  -1.2597350e+03  -1.0673973e+03  -6.6279119e+02  -1.2468743e+02   6.3515733e+01  -8.7187349e-01  -1.4273197e+01  -4.6719574e+02   2.3590947e+02   2.1920252e+02  -7.1302533e+02   1.2196886e+02   5.9878619e+02  -1.6150478e+03  -1.3141648e+03  -1.8203905e+02  -1.4391496e+02  -2.3054865e+01  -3.7275133e+01  -2.8887575e+02   3.9775811e+02  -5.6252219e+02   5.4519380e+02   9.9980055e+02   6.5401194e+03  -9.8013022e+02  -1.4488628e+03  -2.2581814e+02  -1.6425674e+02  -4.7599968e+01  -2.2531693e+02
  -4.3658770e+02  -7.6261207e+02  -4.2177312e+02  -5.4563095e+02  -8.4014797e+02   5.6632419e+02   1.3106256e+03   1.6192609e+02   4.1620946e+01  -1.9525577e-01   2.6023883e+00  -1.6706794e+01  -4.4212829e+02  -3.5016605e+02  -4.7426529e+02  -1.3389311e+03  -7.2781798e+02   6.9875908e+01   6.6975488e+02   2.9095336e+02   1.1155075e+01   2.9702437e+01  -4.4181055e+00  -1.3817976e+00   5.3361481e+02  -1.1095648e+03  -5.0572761e+02  -1.7779264e+02  -8.8226739e+02  -1.0380844e+03   1.4206521e+03   1.0938135e+03  -1.8863579e+02   7.8227529e+01   4.4627400e+01  -1.9206713e+01   3.6293206e+02  -4.0304567e+02   1.0525478e+03  -1.2364397e+03  -9.8796627e+02  -9.8013022e+02   6.0485244e+03   7.5343150e+02  -1.1252671e+02   2.5762998e+02   4.0413749e+01   2.0298887e+02
  -3.3298693e+02  -6.4153252e+02  -1.6418139e+03  -1.2058360e+03  -2.2717636e+03   2.4859658e+02   2.2293658e+03   2.6535041e+03   3.3598289e+02   1.4409166e+02   1.2822301e+02   5.3406164e+01  -8.8660094e+02  -7.6420800e+02  -1.9178804e+03  -1.7074307e+03  -2.5381314e+01  -3.8453348e+02   2.8205977e+03   2.3589426e+03   3.6372390e+02   1.6275456e+02   1.0320123e+02   2.1861869e+01  -5.1346458e+01  -9.8838777e+02  -6.5915927e+02  -9.6720478e+02  -1.8689142e+03  -2.4086645e+03   2.0219451e+03   4.1697702e+03   7.3600920e+02   2.5027336e+02   1.1485590e+02   1.6529208e+02  -7.3693836e+02  -5.3042650e+02  -5.4965386e+02  -9.0822333e+02  -2.7146886e+03  -1.4488628e+03   7.5343150e+02   7.2258603e+03   6.0276295e+02   4.6020510e+02   1.7895950e+02   5.3574407e+02
  -8.6595611e+01  -4.2188252e+02  -4.1189802e+02   3.5504438e+01  -4.8182185e+02  -5.4123124e+01   1.7194449e+01   4.7627546e+02   1.5738438e+02   3.5959174e+01   2.0516863e+01   1.1306761e+01  -1.3034501e+02  -3.0957108e+02  -3.3581911e+02  -9.9831047e+01   2.4474423e+01   2.2834678e+02   3.4277602e+02   4.8627207e+02   1.6022333e+02   3.6286913e+00   1.4176214e+01   1.3047442e+01   1.4221946e+02  -1.6766355e+02  -3.0377941e+02  -1.1800210e+02  -2.3466500e+02  -3.9595401e+02   1.8132726e+02   5.0308827e+02   2.7332161e+02   7.9593029e+01   4.2948201e+00   4.1493142e+01  -1.5593239e+02  -1.5549137e+02  -2.2547636e+02  -1.6877376e+02  -3.9209295e+02  -2.2581814e+02  -1.1252671e+02   6.0276295e+02   1.4473081e+03   4.7258996e+01   2.2759238e+01   7.1279490e+01
  -1.5173858e+02  -1.6165031e+02  -7.2278845e+01  -1.1472099e+02  -2.0627191e+02   7.2931580e+01   1.7531644e+02   1.8108230e+02   5.6657899e+01   1.6833145e+01   2.4602227e+00   1.1232855e+00  -1.2801872e+02  -1.3116008e+02  -1.4460852e+02  -9.6613845e+01   4.0373729e+01  -2.9669679e+01   1.3295417e+02   2.4585106e+02  -4.5220268e+00   2.1091173e+01   1.0245280e+00   2.3737292e-01  -7.5929159e+01  -1.7975537e+02  -6.9185412e+01  -1.6109553e+02  -1.7728304e+02  -3.2329030e+02   1.8090269e+02   4.2540423e+02   1.1218396e+02   2.5467162e+01   5.1179603e+00  -4.1584638e+00  -1.5276715e+02  -1.5452993e+02  -4.7077295e+01  -2.0846668e+02  -3.5977118e+02  -1.6425674e+02   2.5762998e+02   4.6020510e+02   4.7258996e+01   1.1321020e+03  -1.4810069e+01   4.2881394e+01
  -2.5570115e+01  -4.7847184e+01  -4.2658544e+01  -2.2830079e+01  -4.8669356e+01  -1.8236243e+00   9.3809263e+01   8.7802001e+01   2.8818783e+00   1.5236727e+01   8.4456995e+00   6.9162498e-01  -5.3196708e+00  -4.6285461e+01  -5.0400678e+01  -1.3276101e+01  -4.6520897e+00  -7.2123608e+00   4.2769082e+01   4.6999516e+01  -4.3028885e+00   3.9277070e+00  -1.2707762e+00   2.2347910e+00  -5.0572858e-01  -8.0753268e+01  -1.5571567e+01  -6.3734872e+01  -3.8954333e+01  -1.1496627e+02   1.0063999e+02   1.6099806e+02  -7.0308214e+00   9.4348878e+00   1.1816201e+01   1.2828304e+01  -1.4083750e+01  -5.3603356e+00  -1.1949330e+01  -1.0190076e+02  -1.5486816e+02  -4.7599968e+01   4.0413749e+01   1.7895950e+02   2.2759238e+01  -1.4810069e+01   3.0089011e+02   7.1382927e+00
  -1.0247491e+02  -6.9651928e+01   5.6906568e+01  -2.0462353e+02  -2.9892270e+02  -7.6009037e+01   2.6504179e+02   1.7535049e+02   3.4954817e+01   5.3364531e+00   2.2230595e+01   8.2426981e+00  -1.7883266e+02  -1.3077586e+02  -6.3344522e+01  -2.1068485e+02  -5.8478941e+01  -8.5616750e+01   2.8061659e+02   1.8575391e+02   4.9365015e+01   3.3917702e+01   2.0022107e+01  -1.6478941e+00   4.1254639e+01  -1.4491109e+02  -1.4921317e+02  -3.6559787e+01  -2.9045248e+02  -2.2318929e+02   2.7632677e+02   4.2001565e+02   2.4665806e+01   1.5401323e+01   2.5902372e+01   2.2054543e+01   3.5426981e+01  -6.8503954e+01   9.2423753e+01   4.0447797e+01  -2.4264902e+02  -2.2531693e+02   2.0298887e+02   5.3574407e+02   7.1279490e+01   4.2881394e+01   7.1382927e+00   5.9996547e+02
